Orthogroup	Mcap.protein	Pocillopora_acuta_protein	Total
OG0000000	15	47	62
OG0000001	9	49	58
OG0000002	1	46	47
OG0000003	2	40	42
OG0000004	6	35	41
OG0000005	9	32	41
OG0000006	3	37	40
OG0000007	11	28	39
OG0000008	5	34	39
OG0000009	5	32	37
OG0000010	3	33	36
OG0000011	3	32	35
OG0000012	3	32	35
OG0000013	4	31	35
OG0000014	4	29	33
OG0000015	3	30	33
OG0000016	2	30	32
OG0000017	2	29	31
OG0000018	1	28	29
OG0000019	3	26	29
OG0000020	2	26	28
OG0000021	5	22	27
OG0000022	5	22	27
OG0000023	4	23	27
OG0000024	26	1	27
OG0000025	4	23	27
OG0000026	5	21	26
OG0000027	21	5	26
OG0000028	2	24	26
OG0000029	3	23	26
OG0000030	7	18	25
OG0000031	23	2	25
OG0000032	2	23	25
OG0000033	1	24	25
OG0000034	1	24	25
OG0000035	2	23	25
OG0000036	2	23	25
OG0000037	3	22	25
OG0000038	3	21	24
OG0000039	11	13	24
OG0000040	2	22	24
OG0000041	21	3	24
OG0000042	2	22	24
OG0000043	1	23	24
OG0000044	3	21	24
OG0000045	23	0	23
OG0000046	2	21	23
OG0000047	1	22	23
OG0000048	23	0	23
OG0000049	22	1	23
OG0000050	1	22	23
OG0000051	20	2	22
OG0000052	1	21	22
OG0000053	2	20	22
OG0000054	7	15	22
OG0000055	20	2	22
OG0000056	22	0	22
OG0000057	2	20	22
OG0000058	20	2	22
OG0000059	2	20	22
OG0000060	0	22	22
OG0000061	0	22	22
OG0000062	2	19	21
OG0000063	2	19	21
OG0000064	4	17	21
OG0000065	1	20	21
OG0000066	1	19	20
OG0000067	19	1	20
OG0000068	18	2	20
OG0000069	20	0	20
OG0000070	3	17	20
OG0000071	18	2	20
OG0000072	2	18	20
OG0000073	0	20	20
OG0000074	2	17	19
OG0000075	18	1	19
OG0000076	16	3	19
OG0000077	16	3	19
OG0000078	18	1	19
OG0000079	17	2	19
OG0000080	2	17	19
OG0000081	2	17	19
OG0000082	3	16	19
OG0000083	0	19	19
OG0000084	0	19	19
OG0000085	16	2	18
OG0000086	6	12	18
OG0000087	2	16	18
OG0000088	5	13	18
OG0000089	5	13	18
OG0000090	2	16	18
OG0000091	5	13	18
OG0000092	4	14	18
OG0000093	2	16	18
OG0000094	18	0	18
OG0000095	2	16	18
OG0000096	1	17	18
OG0000097	1	17	18
OG0000098	2	15	17
OG0000099	4	13	17
OG0000100	8	9	17
OG0000101	1	16	17
OG0000102	11	6	17
OG0000103	15	2	17
OG0000104	3	14	17
OG0000105	2	15	17
OG0000106	1	16	17
OG0000107	1	16	17
OG0000108	0	17	17
OG0000109	0	17	17
OG0000110	13	3	16
OG0000111	14	2	16
OG0000112	14	2	16
OG0000113	4	12	16
OG0000114	3	13	16
OG0000115	15	1	16
OG0000116	1	15	16
OG0000117	1	15	16
OG0000118	2	14	16
OG0000119	1	15	16
OG0000120	0	16	16
OG0000121	6	9	15
OG0000122	14	1	15
OG0000123	14	1	15
OG0000124	15	0	15
OG0000125	14	1	15
OG0000126	3	12	15
OG0000127	10	5	15
OG0000128	15	0	15
OG0000129	2	13	15
OG0000130	13	2	15
OG0000131	13	2	15
OG0000132	3	12	15
OG0000133	15	0	15
OG0000134	2	13	15
OG0000135	2	13	15
OG0000136	1	14	15
OG0000137	1	14	15
OG0000138	0	15	15
OG0000139	4	10	14
OG0000140	4	10	14
OG0000141	1	13	14
OG0000142	3	11	14
OG0000143	1	13	14
OG0000144	14	0	14
OG0000145	10	4	14
OG0000146	2	12	14
OG0000147	11	3	14
OG0000148	2	12	14
OG0000149	13	1	14
OG0000150	13	1	14
OG0000151	13	1	14
OG0000152	12	2	14
OG0000153	2	12	14
OG0000154	2	12	14
OG0000155	13	1	14
OG0000156	4	10	14
OG0000157	12	2	14
OG0000158	14	0	14
OG0000159	12	2	14
OG0000160	13	1	14
OG0000161	2	12	14
OG0000162	2	12	14
OG0000163	2	12	14
OG0000164	3	11	14
OG0000165	2	12	14
OG0000166	2	12	14
OG0000167	1	13	14
OG0000168	0	14	14
OG0000169	12	1	13
OG0000170	12	1	13
OG0000171	11	2	13
OG0000172	5	8	13
OG0000173	2	11	13
OG0000174	2	11	13
OG0000175	11	2	13
OG0000176	12	1	13
OG0000177	13	0	13
OG0000178	4	9	13
OG0000179	13	0	13
OG0000180	13	0	13
OG0000181	2	11	13
OG0000182	13	0	13
OG0000183	11	2	13
OG0000184	8	5	13
OG0000185	12	1	13
OG0000186	11	2	13
OG0000187	2	11	13
OG0000188	2	11	13
OG0000189	5	8	13
OG0000190	10	3	13
OG0000191	1	12	13
OG0000192	2	11	13
OG0000193	1	12	13
OG0000194	2	11	13
OG0000195	1	12	13
OG0000196	0	13	13
OG0000197	12	0	12
OG0000198	10	2	12
OG0000199	12	0	12
OG0000200	12	0	12
OG0000201	1	11	12
OG0000202	10	2	12
OG0000203	5	7	12
OG0000204	11	1	12
OG0000205	2	10	12
OG0000206	6	6	12
OG0000207	9	3	12
OG0000208	6	6	12
OG0000209	6	6	12
OG0000210	11	1	12
OG0000211	9	3	12
OG0000212	9	3	12
OG0000213	3	9	12
OG0000214	11	1	12
OG0000215	11	1	12
OG0000216	6	6	12
OG0000217	11	1	12
OG0000218	4	8	12
OG0000219	9	3	12
OG0000220	12	0	12
OG0000221	11	1	12
OG0000222	11	1	12
OG0000223	10	2	12
OG0000224	10	2	12
OG0000225	1	11	12
OG0000226	2	10	12
OG0000227	2	10	12
OG0000228	1	11	12
OG0000229	1	11	12
OG0000230	2	10	12
OG0000231	3	9	12
OG0000232	1	11	12
OG0000233	1	11	12
OG0000234	1	11	12
OG0000235	0	12	12
OG0000236	0	12	12
OG0000237	0	12	12
OG0000238	0	12	12
OG0000239	0	12	12
OG0000240	0	12	12
OG0000241	9	2	11
OG0000242	5	6	11
OG0000243	4	7	11
OG0000244	3	8	11
OG0000245	10	1	11
OG0000246	5	6	11
OG0000247	7	4	11
OG0000248	9	2	11
OG0000249	1	10	11
OG0000250	10	1	11
OG0000251	11	0	11
OG0000252	9	2	11
OG0000253	9	2	11
OG0000254	8	3	11
OG0000255	11	0	11
OG0000256	11	0	11
OG0000257	5	6	11
OG0000258	1	10	11
OG0000259	10	1	11
OG0000260	9	2	11
OG0000261	9	2	11
OG0000262	10	1	11
OG0000263	9	2	11
OG0000264	10	1	11
OG0000265	11	0	11
OG0000266	8	3	11
OG0000267	7	4	11
OG0000268	7	4	11
OG0000269	8	3	11
OG0000270	4	7	11
OG0000271	10	1	11
OG0000272	3	8	11
OG0000273	11	0	11
OG0000274	9	2	11
OG0000275	11	0	11
OG0000276	3	8	11
OG0000277	8	3	11
OG0000278	4	7	11
OG0000279	1	10	11
OG0000280	2	9	11
OG0000281	2	9	11
OG0000282	1	10	11
OG0000283	1	10	11
OG0000284	1	10	11
OG0000285	1	10	11
OG0000286	0	11	11
OG0000287	8	2	10
OG0000288	9	1	10
OG0000289	5	5	10
OG0000290	5	5	10
OG0000291	3	7	10
OG0000292	10	0	10
OG0000293	9	1	10
OG0000294	2	8	10
OG0000295	8	2	10
OG0000296	6	4	10
OG0000297	3	7	10
OG0000298	7	3	10
OG0000299	7	3	10
OG0000300	9	1	10
OG0000301	2	8	10
OG0000302	9	1	10
OG0000303	6	4	10
OG0000304	7	3	10
OG0000305	9	1	10
OG0000306	8	2	10
OG0000307	9	1	10
OG0000308	8	2	10
OG0000309	5	5	10
OG0000310	10	0	10
OG0000311	4	6	10
OG0000312	1	9	10
OG0000313	7	3	10
OG0000314	5	5	10
OG0000315	7	3	10
OG0000316	8	2	10
OG0000317	6	4	10
OG0000318	4	6	10
OG0000319	8	2	10
OG0000320	4	6	10
OG0000321	10	0	10
OG0000322	8	2	10
OG0000323	10	0	10
OG0000324	1	9	10
OG0000325	10	0	10
OG0000326	7	3	10
OG0000327	2	8	10
OG0000328	2	8	10
OG0000329	9	1	10
OG0000330	7	3	10
OG0000331	9	1	10
OG0000332	3	7	10
OG0000333	1	9	10
OG0000334	1	9	10
OG0000335	2	8	10
OG0000336	6	4	10
OG0000337	3	7	10
OG0000338	4	6	10
OG0000339	7	3	10
OG0000340	8	2	10
OG0000341	4	6	10
OG0000342	1	9	10
OG0000343	1	9	10
OG0000344	1	9	10
OG0000345	3	7	10
OG0000346	2	8	10
OG0000347	2	8	10
OG0000348	2	8	10
OG0000349	2	8	10
OG0000350	2	8	10
OG0000351	1	9	10
OG0000352	9	1	10
OG0000353	0	10	10
OG0000354	0	10	10
OG0000355	0	10	10
OG0000356	0	10	10
OG0000357	0	10	10
OG0000358	4	5	9
OG0000359	1	8	9
OG0000360	6	3	9
OG0000361	5	4	9
OG0000362	7	2	9
OG0000363	4	5	9
OG0000364	6	3	9
OG0000365	7	2	9
OG0000366	7	2	9
OG0000367	4	5	9
OG0000368	8	1	9
OG0000369	4	5	9
OG0000370	9	0	9
OG0000371	6	3	9
OG0000372	1	8	9
OG0000373	3	6	9
OG0000374	6	3	9
OG0000375	7	2	9
OG0000376	7	2	9
OG0000377	9	0	9
OG0000378	8	1	9
OG0000379	8	1	9
OG0000380	9	0	9
OG0000381	9	0	9
OG0000382	8	1	9
OG0000383	7	2	9
OG0000384	3	6	9
OG0000385	9	0	9
OG0000386	6	3	9
OG0000387	7	2	9
OG0000388	5	4	9
OG0000389	1	8	9
OG0000390	8	1	9
OG0000391	2	7	9
OG0000392	4	5	9
OG0000393	6	3	9
OG0000394	5	4	9
OG0000395	8	1	9
OG0000396	8	1	9
OG0000397	4	5	9
OG0000398	9	0	9
OG0000399	8	1	9
OG0000400	5	4	9
OG0000401	4	5	9
OG0000402	6	3	9
OG0000403	6	3	9
OG0000404	4	5	9
OG0000405	8	1	9
OG0000406	4	5	9
OG0000407	8	1	9
OG0000408	6	3	9
OG0000409	5	4	9
OG0000410	1	8	9
OG0000411	2	7	9
OG0000412	5	4	9
OG0000413	4	5	9
OG0000414	3	6	9
OG0000415	4	5	9
OG0000416	5	4	9
OG0000417	7	2	9
OG0000418	1	8	9
OG0000419	4	5	9
OG0000420	1	8	9
OG0000421	1	8	9
OG0000422	5	4	9
OG0000423	4	5	9
OG0000424	1	8	9
OG0000425	2	7	9
OG0000426	1	8	9
OG0000427	2	7	9
OG0000428	1	8	9
OG0000429	1	8	9
OG0000430	1	8	9
OG0000431	3	6	9
OG0000432	1	8	9
OG0000433	1	8	9
OG0000434	1	8	9
OG0000435	1	8	9
OG0000436	2	7	9
OG0000437	1	8	9
OG0000438	0	9	9
OG0000439	0	9	9
OG0000440	0	9	9
OG0000441	0	9	9
OG0000442	0	9	9
OG0000443	6	2	8
OG0000444	7	1	8
OG0000445	2	6	8
OG0000446	2	6	8
OG0000447	4	4	8
OG0000448	6	2	8
OG0000449	2	6	8
OG0000450	1	7	8
OG0000451	5	3	8
OG0000452	8	0	8
OG0000453	6	2	8
OG0000454	6	2	8
OG0000455	1	7	8
OG0000456	5	3	8
OG0000457	5	3	8
OG0000458	3	5	8
OG0000459	7	1	8
OG0000460	7	1	8
OG0000461	5	3	8
OG0000462	3	5	8
OG0000463	7	1	8
OG0000464	7	1	8
OG0000465	6	2	8
OG0000466	7	1	8
OG0000467	1	7	8
OG0000468	5	3	8
OG0000469	7	1	8
OG0000470	6	2	8
OG0000471	2	6	8
OG0000472	2	6	8
OG0000473	1	7	8
OG0000474	8	0	8
OG0000475	7	1	8
OG0000476	5	3	8
OG0000477	7	1	8
OG0000478	4	4	8
OG0000479	6	2	8
OG0000480	4	4	8
OG0000481	3	5	8
OG0000482	6	2	8
OG0000483	1	7	8
OG0000484	6	2	8
OG0000485	2	6	8
OG0000486	5	3	8
OG0000487	6	2	8
OG0000488	2	6	8
OG0000489	7	1	8
OG0000490	6	2	8
OG0000491	7	1	8
OG0000492	7	1	8
OG0000493	2	6	8
OG0000494	7	1	8
OG0000495	4	4	8
OG0000496	1	7	8
OG0000497	5	3	8
OG0000498	6	2	8
OG0000499	1	7	8
OG0000500	2	6	8
OG0000501	7	1	8
OG0000502	8	0	8
OG0000503	1	7	8
OG0000504	2	6	8
OG0000505	5	3	8
OG0000506	4	4	8
OG0000507	5	3	8
OG0000508	2	6	8
OG0000509	1	7	8
OG0000510	4	4	8
OG0000511	6	2	8
OG0000512	5	3	8
OG0000513	7	1	8
OG0000514	1	7	8
OG0000515	1	7	8
OG0000516	3	5	8
OG0000517	2	6	8
OG0000518	1	7	8
OG0000519	1	7	8
OG0000520	2	6	8
OG0000521	2	6	8
OG0000522	6	2	8
OG0000523	1	7	8
OG0000524	7	1	8
OG0000525	3	5	8
OG0000526	3	5	8
OG0000527	4	4	8
OG0000528	1	7	8
OG0000529	1	7	8
OG0000530	4	4	8
OG0000531	1	7	8
OG0000532	1	7	8
OG0000533	1	7	8
OG0000534	2	6	8
OG0000535	2	6	8
OG0000536	0	8	8
OG0000537	0	8	8
OG0000538	0	8	8
OG0000539	0	8	8
OG0000540	0	8	8
OG0000541	6	1	7
OG0000542	3	4	7
OG0000543	4	3	7
OG0000544	6	1	7
OG0000545	6	1	7
OG0000546	6	1	7
OG0000547	6	1	7
OG0000548	3	4	7
OG0000549	1	6	7
OG0000550	6	1	7
OG0000551	2	5	7
OG0000552	4	3	7
OG0000553	1	6	7
OG0000554	4	3	7
OG0000555	5	2	7
OG0000556	3	4	7
OG0000557	6	1	7
OG0000558	2	5	7
OG0000559	2	5	7
OG0000560	2	5	7
OG0000561	6	1	7
OG0000562	1	6	7
OG0000563	1	6	7
OG0000564	4	3	7
OG0000565	7	0	7
OG0000566	1	6	7
OG0000567	5	2	7
OG0000568	2	5	7
OG0000569	5	2	7
OG0000570	1	6	7
OG0000571	2	5	7
OG0000572	5	2	7
OG0000573	6	1	7
OG0000574	6	1	7
OG0000575	6	1	7
OG0000576	5	2	7
OG0000577	2	5	7
OG0000578	4	3	7
OG0000579	5	2	7
OG0000580	6	1	7
OG0000581	6	1	7
OG0000582	4	3	7
OG0000583	1	6	7
OG0000584	2	5	7
OG0000585	6	1	7
OG0000586	1	6	7
OG0000587	7	0	7
OG0000588	6	1	7
OG0000589	2	5	7
OG0000590	1	6	7
OG0000591	5	2	7
OG0000592	4	3	7
OG0000593	6	1	7
OG0000594	6	1	7
OG0000595	6	1	7
OG0000596	5	2	7
OG0000597	3	4	7
OG0000598	6	1	7
OG0000599	7	0	7
OG0000600	3	4	7
OG0000601	6	1	7
OG0000602	6	1	7
OG0000603	6	1	7
OG0000604	3	4	7
OG0000605	1	6	7
OG0000606	5	2	7
OG0000607	2	5	7
OG0000608	2	5	7
OG0000609	6	1	7
OG0000610	6	1	7
OG0000611	2	5	7
OG0000612	5	2	7
OG0000613	4	3	7
OG0000614	6	1	7
OG0000615	4	3	7
OG0000616	3	4	7
OG0000617	4	3	7
OG0000618	7	0	7
OG0000619	6	1	7
OG0000620	6	1	7
OG0000621	6	1	7
OG0000622	5	2	7
OG0000623	2	5	7
OG0000624	6	1	7
OG0000625	5	2	7
OG0000626	4	3	7
OG0000627	6	1	7
OG0000628	6	1	7
OG0000629	1	6	7
OG0000630	6	1	7
OG0000631	6	1	7
OG0000632	5	2	7
OG0000633	6	1	7
OG0000634	1	6	7
OG0000635	1	6	7
OG0000636	1	6	7
OG0000637	5	2	7
OG0000638	3	4	7
OG0000639	4	3	7
OG0000640	6	1	7
OG0000641	1	6	7
OG0000642	4	3	7
OG0000643	6	1	7
OG0000644	1	6	7
OG0000645	2	5	7
OG0000646	1	6	7
OG0000647	1	6	7
OG0000648	1	6	7
OG0000649	1	6	7
OG0000650	3	4	7
OG0000651	3	4	7
OG0000652	1	6	7
OG0000653	1	6	7
OG0000654	6	1	7
OG0000655	5	2	7
OG0000656	1	6	7
OG0000657	6	1	7
OG0000658	4	3	7
OG0000659	1	6	7
OG0000660	3	4	7
OG0000661	5	2	7
OG0000662	4	3	7
OG0000663	1	6	7
OG0000664	1	6	7
OG0000665	3	4	7
OG0000666	1	6	7
OG0000667	2	5	7
OG0000668	1	6	7
OG0000669	6	1	7
OG0000670	6	1	7
OG0000671	4	3	7
OG0000672	1	6	7
OG0000673	1	6	7
OG0000674	1	6	7
OG0000675	2	5	7
OG0000676	2	5	7
OG0000677	0	7	7
OG0000678	0	7	7
OG0000679	0	7	7
OG0000680	1	5	6
OG0000681	5	1	6
OG0000682	5	1	6
OG0000683	1	5	6
OG0000684	1	5	6
OG0000685	5	1	6
OG0000686	1	5	6
OG0000687	4	2	6
OG0000688	5	1	6
OG0000689	4	2	6
OG0000690	5	1	6
OG0000691	5	1	6
OG0000692	2	4	6
OG0000693	3	3	6
OG0000694	5	1	6
OG0000695	3	3	6
OG0000696	6	0	6
OG0000697	1	5	6
OG0000698	5	1	6
OG0000699	2	4	6
OG0000700	4	2	6
OG0000701	6	0	6
OG0000702	4	2	6
OG0000703	2	4	6
OG0000704	5	1	6
OG0000705	5	1	6
OG0000706	6	0	6
OG0000707	4	2	6
OG0000708	5	1	6
OG0000709	2	4	6
OG0000710	1	5	6
OG0000711	5	1	6
OG0000712	2	4	6
OG0000713	4	2	6
OG0000714	4	2	6
OG0000715	4	2	6
OG0000716	3	3	6
OG0000717	5	1	6
OG0000718	3	3	6
OG0000719	4	2	6
OG0000720	5	1	6
OG0000721	5	1	6
OG0000722	4	2	6
OG0000723	6	0	6
OG0000724	4	2	6
OG0000725	4	2	6
OG0000726	1	5	6
OG0000727	6	0	6
OG0000728	4	2	6
OG0000729	4	2	6
OG0000730	2	4	6
OG0000731	3	3	6
OG0000732	1	5	6
OG0000733	5	1	6
OG0000734	5	1	6
OG0000735	5	1	6
OG0000736	6	0	6
OG0000737	1	5	6
OG0000738	2	4	6
OG0000739	5	1	6
OG0000740	4	2	6
OG0000741	3	3	6
OG0000742	6	0	6
OG0000743	3	3	6
OG0000744	5	1	6
OG0000745	5	1	6
OG0000746	3	3	6
OG0000747	3	3	6
OG0000748	2	4	6
OG0000749	5	1	6
OG0000750	5	1	6
OG0000751	3	3	6
OG0000752	6	0	6
OG0000753	5	1	6
OG0000754	2	4	6
OG0000755	5	1	6
OG0000756	3	3	6
OG0000757	4	2	6
OG0000758	2	4	6
OG0000759	6	0	6
OG0000760	5	1	6
OG0000761	6	0	6
OG0000762	4	2	6
OG0000763	5	1	6
OG0000764	4	2	6
OG0000765	5	1	6
OG0000766	4	2	6
OG0000767	5	1	6
OG0000768	5	1	6
OG0000769	5	1	6
OG0000770	2	4	6
OG0000771	5	1	6
OG0000772	2	4	6
OG0000773	2	4	6
OG0000774	4	2	6
OG0000775	3	3	6
OG0000776	4	2	6
OG0000777	5	1	6
OG0000778	5	1	6
OG0000779	1	5	6
OG0000780	4	2	6
OG0000781	5	1	6
OG0000782	5	1	6
OG0000783	3	3	6
OG0000784	4	2	6
OG0000785	4	2	6
OG0000786	5	1	6
OG0000787	3	3	6
OG0000788	5	1	6
OG0000789	5	1	6
OG0000790	6	0	6
OG0000791	5	1	6
OG0000792	6	0	6
OG0000793	4	2	6
OG0000794	2	4	6
OG0000795	5	1	6
OG0000796	3	3	6
OG0000797	4	2	6
OG0000798	4	2	6
OG0000799	4	2	6
OG0000800	2	4	6
OG0000801	4	2	6
OG0000802	3	3	6
OG0000803	4	2	6
OG0000804	5	1	6
OG0000805	5	1	6
OG0000806	5	1	6
OG0000807	5	1	6
OG0000808	2	4	6
OG0000809	5	1	6
OG0000810	1	5	6
OG0000811	3	3	6
OG0000812	5	1	6
OG0000813	5	1	6
OG0000814	5	1	6
OG0000815	1	5	6
OG0000816	2	4	6
OG0000817	4	2	6
OG0000818	3	3	6
OG0000819	4	2	6
OG0000820	5	1	6
OG0000821	6	0	6
OG0000822	1	5	6
OG0000823	3	3	6
OG0000824	3	3	6
OG0000825	6	0	6
OG0000826	5	1	6
OG0000827	5	1	6
OG0000828	5	1	6
OG0000829	1	5	6
OG0000830	5	1	6
OG0000831	2	4	6
OG0000832	5	1	6
OG0000833	3	3	6
OG0000834	1	5	6
OG0000835	3	3	6
OG0000836	2	4	6
OG0000837	5	1	6
OG0000838	2	4	6
OG0000839	3	3	6
OG0000840	2	4	6
OG0000841	4	2	6
OG0000842	2	4	6
OG0000843	1	5	6
OG0000844	3	3	6
OG0000845	6	0	6
OG0000846	5	1	6
OG0000847	1	5	6
OG0000848	2	4	6
OG0000849	2	4	6
OG0000850	2	4	6
OG0000851	5	1	6
OG0000852	2	4	6
OG0000853	4	2	6
OG0000854	5	1	6
OG0000855	2	4	6
OG0000856	3	3	6
OG0000857	4	2	6
OG0000858	2	4	6
OG0000859	3	3	6
OG0000860	3	3	6
OG0000861	5	1	6
OG0000862	5	1	6
OG0000863	3	3	6
OG0000864	4	2	6
OG0000865	1	5	6
OG0000866	1	5	6
OG0000867	2	4	6
OG0000868	3	3	6
OG0000869	4	2	6
OG0000870	1	5	6
OG0000871	3	3	6
OG0000872	1	5	6
OG0000873	2	4	6
OG0000874	2	4	6
OG0000875	5	1	6
OG0000876	1	5	6
OG0000877	1	5	6
OG0000878	3	3	6
OG0000879	1	5	6
OG0000880	2	4	6
OG0000881	5	1	6
OG0000882	2	4	6
OG0000883	2	4	6
OG0000884	1	5	6
OG0000885	1	5	6
OG0000886	4	2	6
OG0000887	2	4	6
OG0000888	2	4	6
OG0000889	1	5	6
OG0000890	1	5	6
OG0000891	1	5	6
OG0000892	1	5	6
OG0000893	1	5	6
OG0000894	2	4	6
OG0000895	1	5	6
OG0000896	1	5	6
OG0000897	0	6	6
OG0000898	0	6	6
OG0000899	0	6	6
OG0000900	0	6	6
OG0000901	0	6	6
OG0000902	0	6	6
OG0000903	3	2	5
OG0000904	5	0	5
OG0000905	1	4	5
OG0000906	3	2	5
OG0000907	4	1	5
OG0000908	4	1	5
OG0000909	5	0	5
OG0000910	2	3	5
OG0000911	4	1	5
OG0000912	3	2	5
OG0000913	4	1	5
OG0000914	2	3	5
OG0000915	4	1	5
OG0000916	3	2	5
OG0000917	2	3	5
OG0000918	1	4	5
OG0000919	3	2	5
OG0000920	3	2	5
OG0000921	3	2	5
OG0000922	4	1	5
OG0000923	3	2	5
OG0000924	4	1	5
OG0000925	2	3	5
OG0000926	4	1	5
OG0000927	4	1	5
OG0000928	3	2	5
OG0000929	4	1	5
OG0000930	2	3	5
OG0000931	3	2	5
OG0000932	4	1	5
OG0000933	1	4	5
OG0000934	4	1	5
OG0000935	3	2	5
OG0000936	5	0	5
OG0000937	1	4	5
OG0000938	5	0	5
OG0000939	2	3	5
OG0000940	1	4	5
OG0000941	4	1	5
OG0000942	4	1	5
OG0000943	5	0	5
OG0000944	4	1	5
OG0000945	4	1	5
OG0000946	3	2	5
OG0000947	3	2	5
OG0000948	4	1	5
OG0000949	1	4	5
OG0000950	2	3	5
OG0000951	3	2	5
OG0000952	3	2	5
OG0000953	3	2	5
OG0000954	3	2	5
OG0000955	4	1	5
OG0000956	4	1	5
OG0000957	4	1	5
OG0000958	1	4	5
OG0000959	4	1	5
OG0000960	1	4	5
OG0000961	4	1	5
OG0000962	1	4	5
OG0000963	3	2	5
OG0000964	1	4	5
OG0000965	3	2	5
OG0000966	2	3	5
OG0000967	4	1	5
OG0000968	1	4	5
OG0000969	4	1	5
OG0000970	5	0	5
OG0000971	2	3	5
OG0000972	3	2	5
OG0000973	5	0	5
OG0000974	5	0	5
OG0000975	4	1	5
OG0000976	4	1	5
OG0000977	4	1	5
OG0000978	1	4	5
OG0000979	1	4	5
OG0000980	4	1	5
OG0000981	4	1	5
OG0000982	2	3	5
OG0000983	2	3	5
OG0000984	4	1	5
OG0000985	4	1	5
OG0000986	3	2	5
OG0000987	4	1	5
OG0000988	3	2	5
OG0000989	3	2	5
OG0000990	5	0	5
OG0000991	4	1	5
OG0000992	4	1	5
OG0000993	2	3	5
OG0000994	2	3	5
OG0000995	4	1	5
OG0000996	4	1	5
OG0000997	4	1	5
OG0000998	3	2	5
OG0000999	1	4	5
OG0001000	5	0	5
OG0001001	3	2	5
OG0001002	4	1	5
OG0001003	4	1	5
OG0001004	4	1	5
OG0001005	2	3	5
OG0001006	2	3	5
OG0001007	2	3	5
OG0001008	2	3	5
OG0001009	2	3	5
OG0001010	5	0	5
OG0001011	1	4	5
OG0001012	4	1	5
OG0001013	3	2	5
OG0001014	5	0	5
OG0001015	3	2	5
OG0001016	4	1	5
OG0001017	3	2	5
OG0001018	2	3	5
OG0001019	1	4	5
OG0001020	2	3	5
OG0001021	3	2	5
OG0001022	3	2	5
OG0001023	2	3	5
OG0001024	3	2	5
OG0001025	4	1	5
OG0001026	4	1	5
OG0001027	2	3	5
OG0001028	3	2	5
OG0001029	4	1	5
OG0001030	4	1	5
OG0001031	2	3	5
OG0001032	4	1	5
OG0001033	1	4	5
OG0001034	3	2	5
OG0001035	4	1	5
OG0001036	2	3	5
OG0001037	4	1	5
OG0001038	3	2	5
OG0001039	4	1	5
OG0001040	2	3	5
OG0001041	2	3	5
OG0001042	4	1	5
OG0001043	1	4	5
OG0001044	3	2	5
OG0001045	4	1	5
OG0001046	4	1	5
OG0001047	4	1	5
OG0001048	4	1	5
OG0001049	4	1	5
OG0001050	4	1	5
OG0001051	4	1	5
OG0001052	3	2	5
OG0001053	3	2	5
OG0001054	4	1	5
OG0001055	4	1	5
OG0001056	1	4	5
OG0001057	1	4	5
OG0001058	4	1	5
OG0001059	4	1	5
OG0001060	5	0	5
OG0001061	3	2	5
OG0001062	3	2	5
OG0001063	4	1	5
OG0001064	4	1	5
OG0001065	3	2	5
OG0001066	2	3	5
OG0001067	2	3	5
OG0001068	3	2	5
OG0001069	2	3	5
OG0001070	4	1	5
OG0001071	4	1	5
OG0001072	4	1	5
OG0001073	3	2	5
OG0001074	3	2	5
OG0001075	2	3	5
OG0001076	4	1	5
OG0001077	4	1	5
OG0001078	3	2	5
OG0001079	2	3	5
OG0001080	4	1	5
OG0001081	1	4	5
OG0001082	1	4	5
OG0001083	3	2	5
OG0001084	1	4	5
OG0001085	3	2	5
OG0001086	1	4	5
OG0001087	3	2	5
OG0001088	5	0	5
OG0001089	3	2	5
OG0001090	4	1	5
OG0001091	1	4	5
OG0001092	1	4	5
OG0001093	4	1	5
OG0001094	4	1	5
OG0001095	4	1	5
OG0001096	4	1	5
OG0001097	5	0	5
OG0001098	2	3	5
OG0001099	4	1	5
OG0001100	4	1	5
OG0001101	2	3	5
OG0001102	3	2	5
OG0001103	4	1	5
OG0001104	3	2	5
OG0001105	3	2	5
OG0001106	4	1	5
OG0001107	3	2	5
OG0001108	4	1	5
OG0001109	5	0	5
OG0001110	4	1	5
OG0001111	1	4	5
OG0001112	3	2	5
OG0001113	3	2	5
OG0001114	4	1	5
OG0001115	4	1	5
OG0001116	2	3	5
OG0001117	2	3	5
OG0001118	3	2	5
OG0001119	1	4	5
OG0001120	3	2	5
OG0001121	1	4	5
OG0001122	2	3	5
OG0001123	2	3	5
OG0001124	2	3	5
OG0001125	2	3	5
OG0001126	2	3	5
OG0001127	3	2	5
OG0001128	3	2	5
OG0001129	1	4	5
OG0001130	2	3	5
OG0001131	1	4	5
OG0001132	2	3	5
OG0001133	5	0	5
OG0001134	2	3	5
OG0001135	4	1	5
OG0001136	1	4	5
OG0001137	1	4	5
OG0001138	1	4	5
OG0001139	3	2	5
OG0001140	1	4	5
OG0001141	1	4	5
OG0001142	4	1	5
OG0001143	2	3	5
OG0001144	3	2	5
OG0001145	2	3	5
OG0001146	4	1	5
OG0001147	4	1	5
OG0001148	2	3	5
OG0001149	3	2	5
OG0001150	4	1	5
OG0001151	4	1	5
OG0001152	2	3	5
OG0001153	3	2	5
OG0001154	1	4	5
OG0001155	4	1	5
OG0001156	2	3	5
OG0001157	1	4	5
OG0001158	2	3	5
OG0001159	2	3	5
OG0001160	1	4	5
OG0001161	2	3	5
OG0001162	1	4	5
OG0001163	3	2	5
OG0001164	3	2	5
OG0001165	1	4	5
OG0001166	2	3	5
OG0001167	2	3	5
OG0001168	3	2	5
OG0001169	1	4	5
OG0001170	4	1	5
OG0001171	3	2	5
OG0001172	4	1	5
OG0001173	1	4	5
OG0001174	2	3	5
OG0001175	3	2	5
OG0001176	3	2	5
OG0001177	2	3	5
OG0001178	1	4	5
OG0001179	3	2	5
OG0001180	2	3	5
OG0001181	2	3	5
OG0001182	3	2	5
OG0001183	2	3	5
OG0001184	1	4	5
OG0001185	2	3	5
OG0001186	1	4	5
OG0001187	1	4	5
OG0001188	4	1	5
OG0001189	1	4	5
OG0001190	1	4	5
OG0001191	4	1	5
OG0001192	4	1	5
OG0001193	2	3	5
OG0001194	4	1	5
OG0001195	4	1	5
OG0001196	1	4	5
OG0001197	2	3	5
OG0001198	4	1	5
OG0001199	1	4	5
OG0001200	1	4	5
OG0001201	2	3	5
OG0001202	1	4	5
OG0001203	3	2	5
OG0001204	2	3	5
OG0001205	1	4	5
OG0001206	1	4	5
OG0001207	1	4	5
OG0001208	1	4	5
OG0001209	3	2	5
OG0001210	1	4	5
OG0001211	4	1	5
OG0001212	1	4	5
OG0001213	1	4	5
OG0001214	2	3	5
OG0001215	1	4	5
OG0001216	2	3	5
OG0001217	2	3	5
OG0001218	2	3	5
OG0001219	1	4	5
OG0001220	5	0	5
OG0001221	1	4	5
OG0001222	3	2	5
OG0001223	1	4	5
OG0001224	1	4	5
OG0001225	1	4	5
OG0001226	1	4	5
OG0001227	1	4	5
OG0001228	1	4	5
OG0001229	1	4	5
OG0001230	0	5	5
OG0001231	0	5	5
OG0001232	0	5	5
OG0001233	0	5	5
OG0001234	0	5	5
OG0001235	0	5	5
OG0001236	0	5	5
OG0001237	0	5	5
OG0001238	0	5	5
OG0001239	0	5	5
OG0001240	0	5	5
OG0001241	0	5	5
OG0001242	0	5	5
OG0001243	0	5	5
OG0001244	2	2	4
OG0001245	1	3	4
OG0001246	2	2	4
OG0001247	3	1	4
OG0001248	2	2	4
OG0001249	3	1	4
OG0001250	3	1	4
OG0001251	2	2	4
OG0001252	3	1	4
OG0001253	3	1	4
OG0001254	1	3	4
OG0001255	2	2	4
OG0001256	3	1	4
OG0001257	3	1	4
OG0001258	3	1	4
OG0001259	2	2	4
OG0001260	3	1	4
OG0001261	1	3	4
OG0001262	1	3	4
OG0001263	2	2	4
OG0001264	2	2	4
OG0001265	2	2	4
OG0001266	2	2	4
OG0001267	4	0	4
OG0001268	3	1	4
OG0001269	3	1	4
OG0001270	3	1	4
OG0001271	3	1	4
OG0001272	3	1	4
OG0001273	2	2	4
OG0001274	1	3	4
OG0001275	2	2	4
OG0001276	3	1	4
OG0001277	2	2	4
OG0001278	1	3	4
OG0001279	3	1	4
OG0001280	3	1	4
OG0001281	3	1	4
OG0001282	2	2	4
OG0001283	1	3	4
OG0001284	2	2	4
OG0001285	2	2	4
OG0001286	2	2	4
OG0001287	2	2	4
OG0001288	3	1	4
OG0001289	1	3	4
OG0001290	1	3	4
OG0001291	2	2	4
OG0001292	3	1	4
OG0001293	3	1	4
OG0001294	3	1	4
OG0001295	1	3	4
OG0001296	3	1	4
OG0001297	1	3	4
OG0001298	2	2	4
OG0001299	1	3	4
OG0001300	1	3	4
OG0001301	3	1	4
OG0001302	2	2	4
OG0001303	3	1	4
OG0001304	3	1	4
OG0001305	1	3	4
OG0001306	3	1	4
OG0001307	3	1	4
OG0001308	2	2	4
OG0001309	2	2	4
OG0001310	2	2	4
OG0001311	3	1	4
OG0001312	1	3	4
OG0001313	3	1	4
OG0001314	2	2	4
OG0001315	3	1	4
OG0001316	2	2	4
OG0001317	3	1	4
OG0001318	2	2	4
OG0001319	2	2	4
OG0001320	2	2	4
OG0001321	2	2	4
OG0001322	1	3	4
OG0001323	2	2	4
OG0001324	2	2	4
OG0001325	2	2	4
OG0001326	2	2	4
OG0001327	2	2	4
OG0001328	2	2	4
OG0001329	1	3	4
OG0001330	1	3	4
OG0001331	3	1	4
OG0001332	2	2	4
OG0001333	2	2	4
OG0001334	2	2	4
OG0001335	2	2	4
OG0001336	3	1	4
OG0001337	2	2	4
OG0001338	3	1	4
OG0001339	1	3	4
OG0001340	3	1	4
OG0001341	2	2	4
OG0001342	2	2	4
OG0001343	3	1	4
OG0001344	3	1	4
OG0001345	2	2	4
OG0001346	3	1	4
OG0001347	3	1	4
OG0001348	2	2	4
OG0001349	2	2	4
OG0001350	3	1	4
OG0001351	1	3	4
OG0001352	1	3	4
OG0001353	3	1	4
OG0001354	1	3	4
OG0001355	3	1	4
OG0001356	3	1	4
OG0001357	3	1	4
OG0001358	2	2	4
OG0001359	3	1	4
OG0001360	3	1	4
OG0001361	3	1	4
OG0001362	2	2	4
OG0001363	2	2	4
OG0001364	2	2	4
OG0001365	1	3	4
OG0001366	3	1	4
OG0001367	2	2	4
OG0001368	3	1	4
OG0001369	2	2	4
OG0001370	3	1	4
OG0001371	2	2	4
OG0001372	1	3	4
OG0001373	2	2	4
OG0001374	2	2	4
OG0001375	2	2	4
OG0001376	1	3	4
OG0001377	2	2	4
OG0001378	2	2	4
OG0001379	1	3	4
OG0001380	3	1	4
OG0001381	2	2	4
OG0001382	3	1	4
OG0001383	2	2	4
OG0001384	2	2	4
OG0001385	3	1	4
OG0001386	2	2	4
OG0001387	2	2	4
OG0001388	2	2	4
OG0001389	2	2	4
OG0001390	2	2	4
OG0001391	1	3	4
OG0001392	3	1	4
OG0001393	3	1	4
OG0001394	2	2	4
OG0001395	2	2	4
OG0001396	3	1	4
OG0001397	1	3	4
OG0001398	3	1	4
OG0001399	3	1	4
OG0001400	1	3	4
OG0001401	3	1	4
OG0001402	3	1	4
OG0001403	3	1	4
OG0001404	3	1	4
OG0001405	1	3	4
OG0001406	2	2	4
OG0001407	2	2	4
OG0001408	3	1	4
OG0001409	3	1	4
OG0001410	1	3	4
OG0001411	1	3	4
OG0001412	2	2	4
OG0001413	2	2	4
OG0001414	1	3	4
OG0001415	2	2	4
OG0001416	3	1	4
OG0001417	3	1	4
OG0001418	2	2	4
OG0001419	2	2	4
OG0001420	3	1	4
OG0001421	3	1	4
OG0001422	3	1	4
OG0001423	3	1	4
OG0001424	3	1	4
OG0001425	4	0	4
OG0001426	2	2	4
OG0001427	2	2	4
OG0001428	3	1	4
OG0001429	2	2	4
OG0001430	2	2	4
OG0001431	3	1	4
OG0001432	2	2	4
OG0001433	2	2	4
OG0001434	2	2	4
OG0001435	2	2	4
OG0001436	2	2	4
OG0001437	3	1	4
OG0001438	1	3	4
OG0001439	2	2	4
OG0001440	2	2	4
OG0001441	1	3	4
OG0001442	1	3	4
OG0001443	2	2	4
OG0001444	1	3	4
OG0001445	3	1	4
OG0001446	2	2	4
OG0001447	3	1	4
OG0001448	3	1	4
OG0001449	2	2	4
OG0001450	1	3	4
OG0001451	2	2	4
OG0001452	3	1	4
OG0001453	1	3	4
OG0001454	2	2	4
OG0001455	2	2	4
OG0001456	1	3	4
OG0001457	2	2	4
OG0001458	2	2	4
OG0001459	2	2	4
OG0001460	3	1	4
OG0001461	2	2	4
OG0001462	3	1	4
OG0001463	3	1	4
OG0001464	3	1	4
OG0001465	2	2	4
OG0001466	2	2	4
OG0001467	3	1	4
OG0001468	1	3	4
OG0001469	2	2	4
OG0001470	3	1	4
OG0001471	2	2	4
OG0001472	2	2	4
OG0001473	3	1	4
OG0001474	2	2	4
OG0001475	2	2	4
OG0001476	2	2	4
OG0001477	2	2	4
OG0001478	3	1	4
OG0001479	2	2	4
OG0001480	2	2	4
OG0001481	2	2	4
OG0001482	2	2	4
OG0001483	2	2	4
OG0001484	2	2	4
OG0001485	2	2	4
OG0001486	3	1	4
OG0001487	3	1	4
OG0001488	2	2	4
OG0001489	3	1	4
OG0001490	3	1	4
OG0001491	3	1	4
OG0001492	2	2	4
OG0001493	2	2	4
OG0001494	3	1	4
OG0001495	4	0	4
OG0001496	3	1	4
OG0001497	1	3	4
OG0001498	2	2	4
OG0001499	2	2	4
OG0001500	2	2	4
OG0001501	2	2	4
OG0001502	3	1	4
OG0001503	1	3	4
OG0001504	2	2	4
OG0001505	2	2	4
OG0001506	3	1	4
OG0001507	3	1	4
OG0001508	3	1	4
OG0001509	2	2	4
OG0001510	3	1	4
OG0001511	2	2	4
OG0001512	2	2	4
OG0001513	3	1	4
OG0001514	2	2	4
OG0001515	3	1	4
OG0001516	3	1	4
OG0001517	3	1	4
OG0001518	2	2	4
OG0001519	4	0	4
OG0001520	3	1	4
OG0001521	2	2	4
OG0001522	2	2	4
OG0001523	2	2	4
OG0001524	3	1	4
OG0001525	2	2	4
OG0001526	3	1	4
OG0001527	2	2	4
OG0001528	2	2	4
OG0001529	2	2	4
OG0001530	2	2	4
OG0001531	2	2	4
OG0001532	1	3	4
OG0001533	2	2	4
OG0001534	3	1	4
OG0001535	2	2	4
OG0001536	3	1	4
OG0001537	2	2	4
OG0001538	3	1	4
OG0001539	3	1	4
OG0001540	2	2	4
OG0001541	2	2	4
OG0001542	2	2	4
OG0001543	1	3	4
OG0001544	3	1	4
OG0001545	3	1	4
OG0001546	2	2	4
OG0001547	3	1	4
OG0001548	3	1	4
OG0001549	2	2	4
OG0001550	2	2	4
OG0001551	2	2	4
OG0001552	2	2	4
OG0001553	2	2	4
OG0001554	2	2	4
OG0001555	2	2	4
OG0001556	2	2	4
OG0001557	3	1	4
OG0001558	1	3	4
OG0001559	1	3	4
OG0001560	2	2	4
OG0001561	1	3	4
OG0001562	2	2	4
OG0001563	2	2	4
OG0001564	1	3	4
OG0001565	1	3	4
OG0001566	3	1	4
OG0001567	3	1	4
OG0001568	3	1	4
OG0001569	1	3	4
OG0001570	3	1	4
OG0001571	1	3	4
OG0001572	1	3	4
OG0001573	1	3	4
OG0001574	2	2	4
OG0001575	1	3	4
OG0001576	3	1	4
OG0001577	1	3	4
OG0001578	3	1	4
OG0001579	2	2	4
OG0001580	1	3	4
OG0001581	2	2	4
OG0001582	1	3	4
OG0001583	3	1	4
OG0001584	2	2	4
OG0001585	3	1	4
OG0001586	2	2	4
OG0001587	2	2	4
OG0001588	1	3	4
OG0001589	1	3	4
OG0001590	2	2	4
OG0001591	2	2	4
OG0001592	2	2	4
OG0001593	3	1	4
OG0001594	2	2	4
OG0001595	3	1	4
OG0001596	3	1	4
OG0001597	1	3	4
OG0001598	3	1	4
OG0001599	1	3	4
OG0001600	1	3	4
OG0001601	3	1	4
OG0001602	1	3	4
OG0001603	3	1	4
OG0001604	2	2	4
OG0001605	1	3	4
OG0001606	2	2	4
OG0001607	2	2	4
OG0001608	1	3	4
OG0001609	2	2	4
OG0001610	2	2	4
OG0001611	4	0	4
OG0001612	2	2	4
OG0001613	1	3	4
OG0001614	1	3	4
OG0001615	2	2	4
OG0001616	1	3	4
OG0001617	3	1	4
OG0001618	2	2	4
OG0001619	3	1	4
OG0001620	1	3	4
OG0001621	1	3	4
OG0001622	3	1	4
OG0001623	1	3	4
OG0001624	1	3	4
OG0001625	2	2	4
OG0001626	1	3	4
OG0001627	1	3	4
OG0001628	1	3	4
OG0001629	2	2	4
OG0001630	2	2	4
OG0001631	2	2	4
OG0001632	1	3	4
OG0001633	3	1	4
OG0001634	3	1	4
OG0001635	3	1	4
OG0001636	1	3	4
OG0001637	1	3	4
OG0001638	4	0	4
OG0001639	3	1	4
OG0001640	3	1	4
OG0001641	1	3	4
OG0001642	1	3	4
OG0001643	3	1	4
OG0001644	3	1	4
OG0001645	3	1	4
OG0001646	1	3	4
OG0001647	1	3	4
OG0001648	1	3	4
OG0001649	1	3	4
OG0001650	2	2	4
OG0001651	3	1	4
OG0001652	3	1	4
OG0001653	1	3	4
OG0001654	1	3	4
OG0001655	3	1	4
OG0001656	2	2	4
OG0001657	2	2	4
OG0001658	2	2	4
OG0001659	1	3	4
OG0001660	3	1	4
OG0001661	1	3	4
OG0001662	1	3	4
OG0001663	2	2	4
OG0001664	2	2	4
OG0001665	2	2	4
OG0001666	2	2	4
OG0001667	2	2	4
OG0001668	2	2	4
OG0001669	3	1	4
OG0001670	1	3	4
OG0001671	2	2	4
OG0001672	1	3	4
OG0001673	3	1	4
OG0001674	2	2	4
OG0001675	3	1	4
OG0001676	3	1	4
OG0001677	3	1	4
OG0001678	2	2	4
OG0001679	3	1	4
OG0001680	2	2	4
OG0001681	1	3	4
OG0001682	2	2	4
OG0001683	2	2	4
OG0001684	3	1	4
OG0001685	1	3	4
OG0001686	1	3	4
OG0001687	3	1	4
OG0001688	1	3	4
OG0001689	4	0	4
OG0001690	1	3	4
OG0001691	1	3	4
OG0001692	2	2	4
OG0001693	1	3	4
OG0001694	3	1	4
OG0001695	3	1	4
OG0001696	2	2	4
OG0001697	3	1	4
OG0001698	1	3	4
OG0001699	3	1	4
OG0001700	1	3	4
OG0001701	3	1	4
OG0001702	1	3	4
OG0001703	3	1	4
OG0001704	2	2	4
OG0001705	1	3	4
OG0001706	3	1	4
OG0001707	2	2	4
OG0001708	1	3	4
OG0001709	2	2	4
OG0001710	3	1	4
OG0001711	2	2	4
OG0001712	1	3	4
OG0001713	1	3	4
OG0001714	3	1	4
OG0001715	3	1	4
OG0001716	3	1	4
OG0001717	2	2	4
OG0001718	2	2	4
OG0001719	2	2	4
OG0001720	1	3	4
OG0001721	2	2	4
OG0001722	1	3	4
OG0001723	1	3	4
OG0001724	2	2	4
OG0001725	2	2	4
OG0001726	1	3	4
OG0001727	2	2	4
OG0001728	2	2	4
OG0001729	3	1	4
OG0001730	2	2	4
OG0001731	4	0	4
OG0001732	2	2	4
OG0001733	2	2	4
OG0001734	2	2	4
OG0001735	1	3	4
OG0001736	1	3	4
OG0001737	2	2	4
OG0001738	1	3	4
OG0001739	2	2	4
OG0001740	1	3	4
OG0001741	3	1	4
OG0001742	3	1	4
OG0001743	3	1	4
OG0001744	2	2	4
OG0001745	3	1	4
OG0001746	2	2	4
OG0001747	2	2	4
OG0001748	1	3	4
OG0001749	2	2	4
OG0001750	2	2	4
OG0001751	3	1	4
OG0001752	2	2	4
OG0001753	2	2	4
OG0001754	3	1	4
OG0001755	1	3	4
OG0001756	3	1	4
OG0001757	2	2	4
OG0001758	2	2	4
OG0001759	1	3	4
OG0001760	2	2	4
OG0001761	1	3	4
OG0001762	2	2	4
OG0001763	1	3	4
OG0001764	3	1	4
OG0001765	2	2	4
OG0001766	2	2	4
OG0001767	1	3	4
OG0001768	2	2	4
OG0001769	1	3	4
OG0001770	1	3	4
OG0001771	2	2	4
OG0001772	1	3	4
OG0001773	2	2	4
OG0001774	2	2	4
OG0001775	2	2	4
OG0001776	2	2	4
OG0001777	2	2	4
OG0001778	2	2	4
OG0001779	1	3	4
OG0001780	2	2	4
OG0001781	2	2	4
OG0001782	3	1	4
OG0001783	3	1	4
OG0001784	4	0	4
OG0001785	3	1	4
OG0001786	3	1	4
OG0001787	3	1	4
OG0001788	2	2	4
OG0001789	2	2	4
OG0001790	1	3	4
OG0001791	1	3	4
OG0001792	1	3	4
OG0001793	2	2	4
OG0001794	2	2	4
OG0001795	1	3	4
OG0001796	2	2	4
OG0001797	1	3	4
OG0001798	3	1	4
OG0001799	2	2	4
OG0001800	1	3	4
OG0001801	2	2	4
OG0001802	3	1	4
OG0001803	1	3	4
OG0001804	1	3	4
OG0001805	1	3	4
OG0001806	2	2	4
OG0001807	2	2	4
OG0001808	1	3	4
OG0001809	2	2	4
OG0001810	1	3	4
OG0001811	1	3	4
OG0001812	2	2	4
OG0001813	2	2	4
OG0001814	1	3	4
OG0001815	1	3	4
OG0001816	3	1	4
OG0001817	1	3	4
OG0001818	2	2	4
OG0001819	2	2	4
OG0001820	1	3	4
OG0001821	1	3	4
OG0001822	1	3	4
OG0001823	2	2	4
OG0001824	1	3	4
OG0001825	1	3	4
OG0001826	2	2	4
OG0001827	2	2	4
OG0001828	2	2	4
OG0001829	3	1	4
OG0001830	2	2	4
OG0001831	1	3	4
OG0001832	3	1	4
OG0001833	2	2	4
OG0001834	1	3	4
OG0001835	2	2	4
OG0001836	1	3	4
OG0001837	1	3	4
OG0001838	1	3	4
OG0001839	1	3	4
OG0001840	2	2	4
OG0001841	3	1	4
OG0001842	2	2	4
OG0001843	3	1	4
OG0001844	1	3	4
OG0001845	1	3	4
OG0001846	3	1	4
OG0001847	1	3	4
OG0001848	1	3	4
OG0001849	0	4	4
OG0001850	0	4	4
OG0001851	0	4	4
OG0001852	0	4	4
OG0001853	0	4	4
OG0001854	0	4	4
OG0001855	0	4	4
OG0001856	0	4	4
OG0001857	0	4	4
OG0001858	0	4	4
OG0001859	0	4	4
OG0001860	2	1	3
OG0001861	2	1	3
OG0001862	2	1	3
OG0001863	2	1	3
OG0001864	2	1	3
OG0001865	1	2	3
OG0001866	2	1	3
OG0001867	2	1	3
OG0001868	1	2	3
OG0001869	2	1	3
OG0001870	2	1	3
OG0001871	2	1	3
OG0001872	2	1	3
OG0001873	2	1	3
OG0001874	2	1	3
OG0001875	2	1	3
OG0001876	2	1	3
OG0001877	2	1	3
OG0001878	2	1	3
OG0001879	2	1	3
OG0001880	1	2	3
OG0001881	2	1	3
OG0001882	1	2	3
OG0001883	2	1	3
OG0001884	1	2	3
OG0001885	2	1	3
OG0001886	2	1	3
OG0001887	2	1	3
OG0001888	2	1	3
OG0001889	1	2	3
OG0001890	2	1	3
OG0001891	2	1	3
OG0001892	2	1	3
OG0001893	2	1	3
OG0001894	2	1	3
OG0001895	2	1	3
OG0001896	2	1	3
OG0001897	1	2	3
OG0001898	1	2	3
OG0001899	2	1	3
OG0001900	2	1	3
OG0001901	2	1	3
OG0001902	2	1	3
OG0001903	1	2	3
OG0001904	1	2	3
OG0001905	2	1	3
OG0001906	2	1	3
OG0001907	2	1	3
OG0001908	2	1	3
OG0001909	2	1	3
OG0001910	2	1	3
OG0001911	2	1	3
OG0001912	1	2	3
OG0001913	2	1	3
OG0001914	1	2	3
OG0001915	2	1	3
OG0001916	2	1	3
OG0001917	2	1	3
OG0001918	2	1	3
OG0001919	2	1	3
OG0001920	2	1	3
OG0001921	1	2	3
OG0001922	2	1	3
OG0001923	2	1	3
OG0001924	2	1	3
OG0001925	2	1	3
OG0001926	2	1	3
OG0001927	2	1	3
OG0001928	2	1	3
OG0001929	1	2	3
OG0001930	1	2	3
OG0001931	2	1	3
OG0001932	1	2	3
OG0001933	1	2	3
OG0001934	2	1	3
OG0001935	2	1	3
OG0001936	2	1	3
OG0001937	1	2	3
OG0001938	2	1	3
OG0001939	2	1	3
OG0001940	2	1	3
OG0001941	2	1	3
OG0001942	1	2	3
OG0001943	2	1	3
OG0001944	2	1	3
OG0001945	1	2	3
OG0001946	2	1	3
OG0001947	2	1	3
OG0001948	2	1	3
OG0001949	2	1	3
OG0001950	2	1	3
OG0001951	2	1	3
OG0001952	2	1	3
OG0001953	2	1	3
OG0001954	2	1	3
OG0001955	2	1	3
OG0001956	2	1	3
OG0001957	2	1	3
OG0001958	1	2	3
OG0001959	1	2	3
OG0001960	1	2	3
OG0001961	1	2	3
OG0001962	2	1	3
OG0001963	2	1	3
OG0001964	2	1	3
OG0001965	1	2	3
OG0001966	1	2	3
OG0001967	2	1	3
OG0001968	2	1	3
OG0001969	2	1	3
OG0001970	2	1	3
OG0001971	2	1	3
OG0001972	2	1	3
OG0001973	3	0	3
OG0001974	2	1	3
OG0001975	2	1	3
OG0001976	2	1	3
OG0001977	2	1	3
OG0001978	2	1	3
OG0001979	2	1	3
OG0001980	2	1	3
OG0001981	1	2	3
OG0001982	2	1	3
OG0001983	2	1	3
OG0001984	2	1	3
OG0001985	2	1	3
OG0001986	2	1	3
OG0001987	2	1	3
OG0001988	2	1	3
OG0001989	2	1	3
OG0001990	2	1	3
OG0001991	2	1	3
OG0001992	2	1	3
OG0001993	1	2	3
OG0001994	2	1	3
OG0001995	2	1	3
OG0001996	2	1	3
OG0001997	2	1	3
OG0001998	1	2	3
OG0001999	2	1	3
OG0002000	2	1	3
OG0002001	2	1	3
OG0002002	2	1	3
OG0002003	2	1	3
OG0002004	2	1	3
OG0002005	1	2	3
OG0002006	2	1	3
OG0002007	2	1	3
OG0002008	1	2	3
OG0002009	2	1	3
OG0002010	2	1	3
OG0002011	2	1	3
OG0002012	2	1	3
OG0002013	2	1	3
OG0002014	1	2	3
OG0002015	1	2	3
OG0002016	1	2	3
OG0002017	1	2	3
OG0002018	2	1	3
OG0002019	1	2	3
OG0002020	2	1	3
OG0002021	2	1	3
OG0002022	2	1	3
OG0002023	1	2	3
OG0002024	2	1	3
OG0002025	1	2	3
OG0002026	2	1	3
OG0002027	2	1	3
OG0002028	1	2	3
OG0002029	1	2	3
OG0002030	1	2	3
OG0002031	2	1	3
OG0002032	2	1	3
OG0002033	2	1	3
OG0002034	2	1	3
OG0002035	2	1	3
OG0002036	2	1	3
OG0002037	2	1	3
OG0002038	1	2	3
OG0002039	1	2	3
OG0002040	2	1	3
OG0002041	2	1	3
OG0002042	2	1	3
OG0002043	2	1	3
OG0002044	2	1	3
OG0002045	2	1	3
OG0002046	2	1	3
OG0002047	2	1	3
OG0002048	1	2	3
OG0002049	2	1	3
OG0002050	2	1	3
OG0002051	2	1	3
OG0002052	2	1	3
OG0002053	2	1	3
OG0002054	2	1	3
OG0002055	2	1	3
OG0002056	2	1	3
OG0002057	2	1	3
OG0002058	2	1	3
OG0002059	2	1	3
OG0002060	2	1	3
OG0002061	1	2	3
OG0002062	1	2	3
OG0002063	2	1	3
OG0002064	2	1	3
OG0002065	2	1	3
OG0002066	2	1	3
OG0002067	2	1	3
OG0002068	2	1	3
OG0002069	2	1	3
OG0002070	2	1	3
OG0002071	1	2	3
OG0002072	1	2	3
OG0002073	1	2	3
OG0002074	1	2	3
OG0002075	2	1	3
OG0002076	1	2	3
OG0002077	1	2	3
OG0002078	2	1	3
OG0002079	2	1	3
OG0002080	2	1	3
OG0002081	1	2	3
OG0002082	2	1	3
OG0002083	2	1	3
OG0002084	2	1	3
OG0002085	1	2	3
OG0002086	2	1	3
OG0002087	2	1	3
OG0002088	2	1	3
OG0002089	2	1	3
OG0002090	2	1	3
OG0002091	2	1	3
OG0002092	2	1	3
OG0002093	2	1	3
OG0002094	2	1	3
OG0002095	2	1	3
OG0002096	2	1	3
OG0002097	2	1	3
OG0002098	1	2	3
OG0002099	2	1	3
OG0002100	2	1	3
OG0002101	2	1	3
OG0002102	2	1	3
OG0002103	2	1	3
OG0002104	2	1	3
OG0002105	2	1	3
OG0002106	1	2	3
OG0002107	2	1	3
OG0002108	2	1	3
OG0002109	2	1	3
OG0002110	2	1	3
OG0002111	1	2	3
OG0002112	1	2	3
OG0002113	1	2	3
OG0002114	2	1	3
OG0002115	2	1	3
OG0002116	2	1	3
OG0002117	2	1	3
OG0002118	2	1	3
OG0002119	2	1	3
OG0002120	1	2	3
OG0002121	2	1	3
OG0002122	2	1	3
OG0002123	2	1	3
OG0002124	2	1	3
OG0002125	2	1	3
OG0002126	2	1	3
OG0002127	2	1	3
OG0002128	2	1	3
OG0002129	2	1	3
OG0002130	2	1	3
OG0002131	1	2	3
OG0002132	2	1	3
OG0002133	2	1	3
OG0002134	1	2	3
OG0002135	1	2	3
OG0002136	1	2	3
OG0002137	2	1	3
OG0002138	2	1	3
OG0002139	2	1	3
OG0002140	2	1	3
OG0002141	2	1	3
OG0002142	1	2	3
OG0002143	2	1	3
OG0002144	2	1	3
OG0002145	2	1	3
OG0002146	2	1	3
OG0002147	2	1	3
OG0002148	1	2	3
OG0002149	2	1	3
OG0002150	2	1	3
OG0002151	1	2	3
OG0002152	2	1	3
OG0002153	1	2	3
OG0002154	2	1	3
OG0002155	2	1	3
OG0002156	2	1	3
OG0002157	1	2	3
OG0002158	1	2	3
OG0002159	2	1	3
OG0002160	2	1	3
OG0002161	2	1	3
OG0002162	2	1	3
OG0002163	2	1	3
OG0002164	2	1	3
OG0002165	2	1	3
OG0002166	2	1	3
OG0002167	2	1	3
OG0002168	2	1	3
OG0002169	2	1	3
OG0002170	2	1	3
OG0002171	1	2	3
OG0002172	1	2	3
OG0002173	2	1	3
OG0002174	2	1	3
OG0002175	2	1	3
OG0002176	2	1	3
OG0002177	2	1	3
OG0002178	1	2	3
OG0002179	1	2	3
OG0002180	2	1	3
OG0002181	1	2	3
OG0002182	1	2	3
OG0002183	2	1	3
OG0002184	2	1	3
OG0002185	2	1	3
OG0002186	2	1	3
OG0002187	2	1	3
OG0002188	2	1	3
OG0002189	2	1	3
OG0002190	2	1	3
OG0002191	2	1	3
OG0002192	1	2	3
OG0002193	1	2	3
OG0002194	2	1	3
OG0002195	1	2	3
OG0002196	2	1	3
OG0002197	2	1	3
OG0002198	2	1	3
OG0002199	2	1	3
OG0002200	2	1	3
OG0002201	2	1	3
OG0002202	2	1	3
OG0002203	2	1	3
OG0002204	2	1	3
OG0002205	2	1	3
OG0002206	2	1	3
OG0002207	2	1	3
OG0002208	2	1	3
OG0002209	2	1	3
OG0002210	2	1	3
OG0002211	1	2	3
OG0002212	2	1	3
OG0002213	1	2	3
OG0002214	2	1	3
OG0002215	2	1	3
OG0002216	2	1	3
OG0002217	2	1	3
OG0002218	1	2	3
OG0002219	2	1	3
OG0002220	2	1	3
OG0002221	2	1	3
OG0002222	2	1	3
OG0002223	2	1	3
OG0002224	2	1	3
OG0002225	2	1	3
OG0002226	2	1	3
OG0002227	1	2	3
OG0002228	2	1	3
OG0002229	2	1	3
OG0002230	2	1	3
OG0002231	2	1	3
OG0002232	2	1	3
OG0002233	2	1	3
OG0002234	2	1	3
OG0002235	2	1	3
OG0002236	2	1	3
OG0002237	2	1	3
OG0002238	1	2	3
OG0002239	1	2	3
OG0002240	2	1	3
OG0002241	1	2	3
OG0002242	2	1	3
OG0002243	1	2	3
OG0002244	1	2	3
OG0002245	1	2	3
OG0002246	1	2	3
OG0002247	2	1	3
OG0002248	1	2	3
OG0002249	2	1	3
OG0002250	2	1	3
OG0002251	2	1	3
OG0002252	1	2	3
OG0002253	2	1	3
OG0002254	2	1	3
OG0002255	2	1	3
OG0002256	2	1	3
OG0002257	2	1	3
OG0002258	2	1	3
OG0002259	1	2	3
OG0002260	2	1	3
OG0002261	1	2	3
OG0002262	2	1	3
OG0002263	2	1	3
OG0002264	1	2	3
OG0002265	2	1	3
OG0002266	2	1	3
OG0002267	2	1	3
OG0002268	2	1	3
OG0002269	2	1	3
OG0002270	2	1	3
OG0002271	1	2	3
OG0002272	1	2	3
OG0002273	1	2	3
OG0002274	2	1	3
OG0002275	1	2	3
OG0002276	2	1	3
OG0002277	2	1	3
OG0002278	2	1	3
OG0002279	2	1	3
OG0002280	2	1	3
OG0002281	1	2	3
OG0002282	2	1	3
OG0002283	2	1	3
OG0002284	2	1	3
OG0002285	2	1	3
OG0002286	2	1	3
OG0002287	1	2	3
OG0002288	1	2	3
OG0002289	2	1	3
OG0002290	2	1	3
OG0002291	2	1	3
OG0002292	2	1	3
OG0002293	2	1	3
OG0002294	2	1	3
OG0002295	2	1	3
OG0002296	1	2	3
OG0002297	2	1	3
OG0002298	2	1	3
OG0002299	2	1	3
OG0002300	1	2	3
OG0002301	2	1	3
OG0002302	2	1	3
OG0002303	1	2	3
OG0002304	1	2	3
OG0002305	2	1	3
OG0002306	1	2	3
OG0002307	2	1	3
OG0002308	2	1	3
OG0002309	2	1	3
OG0002310	2	1	3
OG0002311	2	1	3
OG0002312	2	1	3
OG0002313	2	1	3
OG0002314	2	1	3
OG0002315	2	1	3
OG0002316	1	2	3
OG0002317	2	1	3
OG0002318	1	2	3
OG0002319	2	1	3
OG0002320	2	1	3
OG0002321	2	1	3
OG0002322	3	0	3
OG0002323	2	1	3
OG0002324	2	1	3
OG0002325	1	2	3
OG0002326	2	1	3
OG0002327	2	1	3
OG0002328	2	1	3
OG0002329	2	1	3
OG0002330	1	2	3
OG0002331	2	1	3
OG0002332	2	1	3
OG0002333	2	1	3
OG0002334	2	1	3
OG0002335	1	2	3
OG0002336	2	1	3
OG0002337	2	1	3
OG0002338	2	1	3
OG0002339	2	1	3
OG0002340	2	1	3
OG0002341	2	1	3
OG0002342	2	1	3
OG0002343	2	1	3
OG0002344	1	2	3
OG0002345	2	1	3
OG0002346	2	1	3
OG0002347	2	1	3
OG0002348	2	1	3
OG0002349	2	1	3
OG0002350	2	1	3
OG0002351	2	1	3
OG0002352	2	1	3
OG0002353	2	1	3
OG0002354	1	2	3
OG0002355	2	1	3
OG0002356	2	1	3
OG0002357	3	0	3
OG0002358	2	1	3
OG0002359	2	1	3
OG0002360	2	1	3
OG0002361	2	1	3
OG0002362	2	1	3
OG0002363	2	1	3
OG0002364	2	1	3
OG0002365	2	1	3
OG0002366	2	1	3
OG0002367	2	1	3
OG0002368	1	2	3
OG0002369	2	1	3
OG0002370	2	1	3
OG0002371	2	1	3
OG0002372	1	2	3
OG0002373	2	1	3
OG0002374	2	1	3
OG0002375	2	1	3
OG0002376	2	1	3
OG0002377	2	1	3
OG0002378	2	1	3
OG0002379	2	1	3
OG0002380	2	1	3
OG0002381	2	1	3
OG0002382	2	1	3
OG0002383	2	1	3
OG0002384	1	2	3
OG0002385	2	1	3
OG0002386	2	1	3
OG0002387	2	1	3
OG0002388	2	1	3
OG0002389	3	0	3
OG0002390	2	1	3
OG0002391	2	1	3
OG0002392	2	1	3
OG0002393	2	1	3
OG0002394	2	1	3
OG0002395	2	1	3
OG0002396	2	1	3
OG0002397	2	1	3
OG0002398	2	1	3
OG0002399	2	1	3
OG0002400	2	1	3
OG0002401	2	1	3
OG0002402	2	1	3
OG0002403	1	2	3
OG0002404	2	1	3
OG0002405	2	1	3
OG0002406	2	1	3
OG0002407	2	1	3
OG0002408	2	1	3
OG0002409	2	1	3
OG0002410	2	1	3
OG0002411	2	1	3
OG0002412	2	1	3
OG0002413	2	1	3
OG0002414	2	1	3
OG0002415	2	1	3
OG0002416	1	2	3
OG0002417	2	1	3
OG0002418	2	1	3
OG0002419	2	1	3
OG0002420	2	1	3
OG0002421	2	1	3
OG0002422	2	1	3
OG0002423	2	1	3
OG0002424	1	2	3
OG0002425	2	1	3
OG0002426	2	1	3
OG0002427	2	1	3
OG0002428	1	2	3
OG0002429	2	1	3
OG0002430	2	1	3
OG0002431	1	2	3
OG0002432	2	1	3
OG0002433	2	1	3
OG0002434	2	1	3
OG0002435	2	1	3
OG0002436	2	1	3
OG0002437	2	1	3
OG0002438	2	1	3
OG0002439	2	1	3
OG0002440	2	1	3
OG0002441	2	1	3
OG0002442	2	1	3
OG0002443	2	1	3
OG0002444	2	1	3
OG0002445	2	1	3
OG0002446	2	1	3
OG0002447	2	1	3
OG0002448	2	1	3
OG0002449	2	1	3
OG0002450	2	1	3
OG0002451	2	1	3
OG0002452	1	2	3
OG0002453	2	1	3
OG0002454	2	1	3
OG0002455	2	1	3
OG0002456	2	1	3
OG0002457	2	1	3
OG0002458	2	1	3
OG0002459	2	1	3
OG0002460	2	1	3
OG0002461	2	1	3
OG0002462	2	1	3
OG0002463	2	1	3
OG0002464	2	1	3
OG0002465	2	1	3
OG0002466	2	1	3
OG0002467	3	0	3
OG0002468	2	1	3
OG0002469	2	1	3
OG0002470	2	1	3
OG0002471	2	1	3
OG0002472	2	1	3
OG0002473	2	1	3
OG0002474	2	1	3
OG0002475	2	1	3
OG0002476	2	1	3
OG0002477	2	1	3
OG0002478	2	1	3
OG0002479	2	1	3
OG0002480	2	1	3
OG0002481	2	1	3
OG0002482	2	1	3
OG0002483	2	1	3
OG0002484	2	1	3
OG0002485	2	1	3
OG0002486	2	1	3
OG0002487	2	1	3
OG0002488	2	1	3
OG0002489	2	1	3
OG0002490	2	1	3
OG0002491	2	1	3
OG0002492	2	1	3
OG0002493	2	1	3
OG0002494	2	1	3
OG0002495	2	1	3
OG0002496	2	1	3
OG0002497	2	1	3
OG0002498	2	1	3
OG0002499	2	1	3
OG0002500	2	1	3
OG0002501	2	1	3
OG0002502	2	1	3
OG0002503	2	1	3
OG0002504	2	1	3
OG0002505	2	1	3
OG0002506	2	1	3
OG0002507	2	1	3
OG0002508	2	1	3
OG0002509	2	1	3
OG0002510	2	1	3
OG0002511	2	1	3
OG0002512	2	1	3
OG0002513	2	1	3
OG0002514	2	1	3
OG0002515	2	1	3
OG0002516	2	1	3
OG0002517	2	1	3
OG0002518	2	1	3
OG0002519	2	1	3
OG0002520	2	1	3
OG0002521	2	1	3
OG0002522	2	1	3
OG0002523	2	1	3
OG0002524	2	1	3
OG0002525	2	1	3
OG0002526	2	1	3
OG0002527	1	2	3
OG0002528	2	1	3
OG0002529	2	1	3
OG0002530	2	1	3
OG0002531	2	1	3
OG0002532	2	1	3
OG0002533	2	1	3
OG0002534	2	1	3
OG0002535	2	1	3
OG0002536	2	1	3
OG0002537	2	1	3
OG0002538	2	1	3
OG0002539	2	1	3
OG0002540	1	2	3
OG0002541	2	1	3
OG0002542	2	1	3
OG0002543	2	1	3
OG0002544	2	1	3
OG0002545	2	1	3
OG0002546	2	1	3
OG0002547	2	1	3
OG0002548	2	1	3
OG0002549	2	1	3
OG0002550	2	1	3
OG0002551	2	1	3
OG0002552	2	1	3
OG0002553	2	1	3
OG0002554	2	1	3
OG0002555	2	1	3
OG0002556	2	1	3
OG0002557	2	1	3
OG0002558	2	1	3
OG0002559	1	2	3
OG0002560	2	1	3
OG0002561	2	1	3
OG0002562	2	1	3
OG0002563	2	1	3
OG0002564	2	1	3
OG0002565	2	1	3
OG0002566	2	1	3
OG0002567	2	1	3
OG0002568	2	1	3
OG0002569	2	1	3
OG0002570	2	1	3
OG0002571	2	1	3
OG0002572	2	1	3
OG0002573	1	2	3
OG0002574	2	1	3
OG0002575	2	1	3
OG0002576	2	1	3
OG0002577	2	1	3
OG0002578	2	1	3
OG0002579	2	1	3
OG0002580	2	1	3
OG0002581	2	1	3
OG0002582	2	1	3
OG0002583	2	1	3
OG0002584	2	1	3
OG0002585	2	1	3
OG0002586	2	1	3
OG0002587	2	1	3
OG0002588	2	1	3
OG0002589	2	1	3
OG0002590	3	0	3
OG0002591	2	1	3
OG0002592	2	1	3
OG0002593	2	1	3
OG0002594	2	1	3
OG0002595	2	1	3
OG0002596	2	1	3
OG0002597	2	1	3
OG0002598	2	1	3
OG0002599	2	1	3
OG0002600	2	1	3
OG0002601	2	1	3
OG0002602	2	1	3
OG0002603	2	1	3
OG0002604	2	1	3
OG0002605	2	1	3
OG0002606	2	1	3
OG0002607	1	2	3
OG0002608	2	1	3
OG0002609	2	1	3
OG0002610	2	1	3
OG0002611	2	1	3
OG0002612	2	1	3
OG0002613	2	1	3
OG0002614	2	1	3
OG0002615	2	1	3
OG0002616	2	1	3
OG0002617	2	1	3
OG0002618	1	2	3
OG0002619	2	1	3
OG0002620	2	1	3
OG0002621	2	1	3
OG0002622	2	1	3
OG0002623	2	1	3
OG0002624	2	1	3
OG0002625	1	2	3
OG0002626	1	2	3
OG0002627	2	1	3
OG0002628	2	1	3
OG0002629	2	1	3
OG0002630	2	1	3
OG0002631	2	1	3
OG0002632	2	1	3
OG0002633	2	1	3
OG0002634	2	1	3
OG0002635	2	1	3
OG0002636	2	1	3
OG0002637	2	1	3
OG0002638	2	1	3
OG0002639	2	1	3
OG0002640	2	1	3
OG0002641	2	1	3
OG0002642	2	1	3
OG0002643	2	1	3
OG0002644	2	1	3
OG0002645	2	1	3
OG0002646	2	1	3
OG0002647	2	1	3
OG0002648	2	1	3
OG0002649	2	1	3
OG0002650	2	1	3
OG0002651	2	1	3
OG0002652	2	1	3
OG0002653	2	1	3
OG0002654	2	1	3
OG0002655	2	1	3
OG0002656	2	1	3
OG0002657	2	1	3
OG0002658	2	1	3
OG0002659	2	1	3
OG0002660	2	1	3
OG0002661	2	1	3
OG0002662	2	1	3
OG0002663	1	2	3
OG0002664	2	1	3
OG0002665	2	1	3
OG0002666	2	1	3
OG0002667	2	1	3
OG0002668	2	1	3
OG0002669	2	1	3
OG0002670	2	1	3
OG0002671	2	1	3
OG0002672	2	1	3
OG0002673	2	1	3
OG0002674	2	1	3
OG0002675	2	1	3
OG0002676	2	1	3
OG0002677	2	1	3
OG0002678	2	1	3
OG0002679	2	1	3
OG0002680	2	1	3
OG0002681	2	1	3
OG0002682	1	2	3
OG0002683	2	1	3
OG0002684	2	1	3
OG0002685	2	1	3
OG0002686	2	1	3
OG0002687	2	1	3
OG0002688	2	1	3
OG0002689	2	1	3
OG0002690	2	1	3
OG0002691	2	1	3
OG0002692	2	1	3
OG0002693	2	1	3
OG0002694	2	1	3
OG0002695	2	1	3
OG0002696	2	1	3
OG0002697	2	1	3
OG0002698	2	1	3
OG0002699	2	1	3
OG0002700	2	1	3
OG0002701	2	1	3
OG0002702	2	1	3
OG0002703	2	1	3
OG0002704	1	2	3
OG0002705	2	1	3
OG0002706	2	1	3
OG0002707	2	1	3
OG0002708	2	1	3
OG0002709	2	1	3
OG0002710	2	1	3
OG0002711	2	1	3
OG0002712	2	1	3
OG0002713	2	1	3
OG0002714	2	1	3
OG0002715	1	2	3
OG0002716	2	1	3
OG0002717	2	1	3
OG0002718	2	1	3
OG0002719	2	1	3
OG0002720	2	1	3
OG0002721	2	1	3
OG0002722	2	1	3
OG0002723	2	1	3
OG0002724	2	1	3
OG0002725	2	1	3
OG0002726	2	1	3
OG0002727	2	1	3
OG0002728	2	1	3
OG0002729	2	1	3
OG0002730	2	1	3
OG0002731	2	1	3
OG0002732	2	1	3
OG0002733	2	1	3
OG0002734	2	1	3
OG0002735	1	2	3
OG0002736	2	1	3
OG0002737	2	1	3
OG0002738	2	1	3
OG0002739	2	1	3
OG0002740	2	1	3
OG0002741	2	1	3
OG0002742	2	1	3
OG0002743	1	2	3
OG0002744	2	1	3
OG0002745	2	1	3
OG0002746	2	1	3
OG0002747	2	1	3
OG0002748	2	1	3
OG0002749	2	1	3
OG0002750	2	1	3
OG0002751	2	1	3
OG0002752	2	1	3
OG0002753	2	1	3
OG0002754	2	1	3
OG0002755	2	1	3
OG0002756	2	1	3
OG0002757	2	1	3
OG0002758	2	1	3
OG0002759	2	1	3
OG0002760	2	1	3
OG0002761	2	1	3
OG0002762	2	1	3
OG0002763	2	1	3
OG0002764	2	1	3
OG0002765	2	1	3
OG0002766	2	1	3
OG0002767	2	1	3
OG0002768	2	1	3
OG0002769	2	1	3
OG0002770	2	1	3
OG0002771	2	1	3
OG0002772	2	1	3
OG0002773	2	1	3
OG0002774	2	1	3
OG0002775	2	1	3
OG0002776	2	1	3
OG0002777	2	1	3
OG0002778	2	1	3
OG0002779	2	1	3
OG0002780	2	1	3
OG0002781	2	1	3
OG0002782	2	1	3
OG0002783	2	1	3
OG0002784	2	1	3
OG0002785	2	1	3
OG0002786	2	1	3
OG0002787	2	1	3
OG0002788	2	1	3
OG0002789	3	0	3
OG0002790	2	1	3
OG0002791	2	1	3
OG0002792	2	1	3
OG0002793	2	1	3
OG0002794	2	1	3
OG0002795	2	1	3
OG0002796	2	1	3
OG0002797	2	1	3
OG0002798	2	1	3
OG0002799	2	1	3
OG0002800	2	1	3
OG0002801	2	1	3
OG0002802	2	1	3
OG0002803	2	1	3
OG0002804	2	1	3
OG0002805	2	1	3
OG0002806	2	1	3
OG0002807	2	1	3
OG0002808	2	1	3
OG0002809	2	1	3
OG0002810	2	1	3
OG0002811	2	1	3
OG0002812	2	1	3
OG0002813	2	1	3
OG0002814	2	1	3
OG0002815	2	1	3
OG0002816	2	1	3
OG0002817	2	1	3
OG0002818	2	1	3
OG0002819	2	1	3
OG0002820	2	1	3
OG0002821	2	1	3
OG0002822	2	1	3
OG0002823	2	1	3
OG0002824	2	1	3
OG0002825	2	1	3
OG0002826	2	1	3
OG0002827	2	1	3
OG0002828	2	1	3
OG0002829	2	1	3
OG0002830	2	1	3
OG0002831	2	1	3
OG0002832	2	1	3
OG0002833	2	1	3
OG0002834	2	1	3
OG0002835	2	1	3
OG0002836	2	1	3
OG0002837	2	1	3
OG0002838	2	1	3
OG0002839	2	1	3
OG0002840	2	1	3
OG0002841	2	1	3
OG0002842	2	1	3
OG0002843	2	1	3
OG0002844	2	1	3
OG0002845	2	1	3
OG0002846	2	1	3
OG0002847	2	1	3
OG0002848	2	1	3
OG0002849	2	1	3
OG0002850	2	1	3
OG0002851	2	1	3
OG0002852	2	1	3
OG0002853	2	1	3
OG0002854	2	1	3
OG0002855	2	1	3
OG0002856	2	1	3
OG0002857	2	1	3
OG0002858	2	1	3
OG0002859	2	1	3
OG0002860	2	1	3
OG0002861	2	1	3
OG0002862	2	1	3
OG0002863	2	1	3
OG0002864	2	1	3
OG0002865	2	1	3
OG0002866	2	1	3
OG0002867	2	1	3
OG0002868	2	1	3
OG0002869	2	1	3
OG0002870	2	1	3
OG0002871	2	1	3
OG0002872	1	2	3
OG0002873	2	1	3
OG0002874	2	1	3
OG0002875	2	1	3
OG0002876	2	1	3
OG0002877	2	1	3
OG0002878	2	1	3
OG0002879	1	2	3
OG0002880	2	1	3
OG0002881	2	1	3
OG0002882	2	1	3
OG0002883	2	1	3
OG0002884	2	1	3
OG0002885	2	1	3
OG0002886	2	1	3
OG0002887	2	1	3
OG0002888	2	1	3
OG0002889	2	1	3
OG0002890	2	1	3
OG0002891	2	1	3
OG0002892	2	1	3
OG0002893	2	1	3
OG0002894	2	1	3
OG0002895	2	1	3
OG0002896	2	1	3
OG0002897	2	1	3
OG0002898	2	1	3
OG0002899	2	1	3
OG0002900	2	1	3
OG0002901	2	1	3
OG0002902	2	1	3
OG0002903	2	1	3
OG0002904	2	1	3
OG0002905	2	1	3
OG0002906	2	1	3
OG0002907	2	1	3
OG0002908	2	1	3
OG0002909	2	1	3
OG0002910	2	1	3
OG0002911	2	1	3
OG0002912	2	1	3
OG0002913	2	1	3
OG0002914	2	1	3
OG0002915	2	1	3
OG0002916	2	1	3
OG0002917	2	1	3
OG0002918	2	1	3
OG0002919	2	1	3
OG0002920	2	1	3
OG0002921	2	1	3
OG0002922	2	1	3
OG0002923	2	1	3
OG0002924	2	1	3
OG0002925	2	1	3
OG0002926	2	1	3
OG0002927	2	1	3
OG0002928	2	1	3
OG0002929	2	1	3
OG0002930	2	1	3
OG0002931	2	1	3
OG0002932	2	1	3
OG0002933	2	1	3
OG0002934	2	1	3
OG0002935	2	1	3
OG0002936	2	1	3
OG0002937	2	1	3
OG0002938	2	1	3
OG0002939	2	1	3
OG0002940	2	1	3
OG0002941	2	1	3
OG0002942	2	1	3
OG0002943	2	1	3
OG0002944	2	1	3
OG0002945	2	1	3
OG0002946	2	1	3
OG0002947	2	1	3
OG0002948	2	1	3
OG0002949	2	1	3
OG0002950	2	1	3
OG0002951	2	1	3
OG0002952	2	1	3
OG0002953	2	1	3
OG0002954	2	1	3
OG0002955	1	2	3
OG0002956	2	1	3
OG0002957	2	1	3
OG0002958	2	1	3
OG0002959	2	1	3
OG0002960	2	1	3
OG0002961	2	1	3
OG0002962	2	1	3
OG0002963	2	1	3
OG0002964	2	1	3
OG0002965	2	1	3
OG0002966	2	1	3
OG0002967	2	1	3
OG0002968	2	1	3
OG0002969	2	1	3
OG0002970	2	1	3
OG0002971	1	2	3
OG0002972	2	1	3
OG0002973	2	1	3
OG0002974	2	1	3
OG0002975	2	1	3
OG0002976	2	1	3
OG0002977	2	1	3
OG0002978	2	1	3
OG0002979	2	1	3
OG0002980	1	2	3
OG0002981	2	1	3
OG0002982	2	1	3
OG0002983	2	1	3
OG0002984	2	1	3
OG0002985	2	1	3
OG0002986	1	2	3
OG0002987	2	1	3
OG0002988	2	1	3
OG0002989	2	1	3
OG0002990	2	1	3
OG0002991	2	1	3
OG0002992	2	1	3
OG0002993	1	2	3
OG0002994	2	1	3
OG0002995	2	1	3
OG0002996	2	1	3
OG0002997	2	1	3
OG0002998	2	1	3
OG0002999	2	1	3
OG0003000	2	1	3
OG0003001	2	1	3
OG0003002	2	1	3
OG0003003	2	1	3
OG0003004	2	1	3
OG0003005	2	1	3
OG0003006	2	1	3
OG0003007	2	1	3
OG0003008	2	1	3
OG0003009	2	1	3
OG0003010	2	1	3
OG0003011	2	1	3
OG0003012	1	2	3
OG0003013	2	1	3
OG0003014	2	1	3
OG0003015	2	1	3
OG0003016	3	0	3
OG0003017	2	1	3
OG0003018	2	1	3
OG0003019	2	1	3
OG0003020	2	1	3
OG0003021	2	1	3
OG0003022	2	1	3
OG0003023	2	1	3
OG0003024	1	2	3
OG0003025	2	1	3
OG0003026	2	1	3
OG0003027	2	1	3
OG0003028	2	1	3
OG0003029	2	1	3
OG0003030	2	1	3
OG0003031	2	1	3
OG0003032	2	1	3
OG0003033	2	1	3
OG0003034	2	1	3
OG0003035	2	1	3
OG0003036	2	1	3
OG0003037	2	1	3
OG0003038	2	1	3
OG0003039	2	1	3
OG0003040	2	1	3
OG0003041	2	1	3
OG0003042	2	1	3
OG0003043	1	2	3
OG0003044	2	1	3
OG0003045	2	1	3
OG0003046	2	1	3
OG0003047	2	1	3
OG0003048	2	1	3
OG0003049	2	1	3
OG0003050	2	1	3
OG0003051	2	1	3
OG0003052	2	1	3
OG0003053	2	1	3
OG0003054	2	1	3
OG0003055	2	1	3
OG0003056	2	1	3
OG0003057	2	1	3
OG0003058	2	1	3
OG0003059	2	1	3
OG0003060	2	1	3
OG0003061	2	1	3
OG0003062	2	1	3
OG0003063	2	1	3
OG0003064	1	2	3
OG0003065	2	1	3
OG0003066	2	1	3
OG0003067	2	1	3
OG0003068	2	1	3
OG0003069	2	1	3
OG0003070	2	1	3
OG0003071	1	2	3
OG0003072	2	1	3
OG0003073	2	1	3
OG0003074	2	1	3
OG0003075	2	1	3
OG0003076	2	1	3
OG0003077	2	1	3
OG0003078	2	1	3
OG0003079	2	1	3
OG0003080	2	1	3
OG0003081	2	1	3
OG0003082	2	1	3
OG0003083	2	1	3
OG0003084	2	1	3
OG0003085	2	1	3
OG0003086	2	1	3
OG0003087	2	1	3
OG0003088	2	1	3
OG0003089	2	1	3
OG0003090	2	1	3
OG0003091	2	1	3
OG0003092	2	1	3
OG0003093	2	1	3
OG0003094	2	1	3
OG0003095	2	1	3
OG0003096	2	1	3
OG0003097	2	1	3
OG0003098	2	1	3
OG0003099	2	1	3
OG0003100	2	1	3
OG0003101	2	1	3
OG0003102	2	1	3
OG0003103	2	1	3
OG0003104	2	1	3
OG0003105	2	1	3
OG0003106	2	1	3
OG0003107	2	1	3
OG0003108	2	1	3
OG0003109	2	1	3
OG0003110	2	1	3
OG0003111	2	1	3
OG0003112	2	1	3
OG0003113	2	1	3
OG0003114	2	1	3
OG0003115	2	1	3
OG0003116	2	1	3
OG0003117	2	1	3
OG0003118	2	1	3
OG0003119	2	1	3
OG0003120	1	2	3
OG0003121	2	1	3
OG0003122	2	1	3
OG0003123	2	1	3
OG0003124	2	1	3
OG0003125	2	1	3
OG0003126	2	1	3
OG0003127	2	1	3
OG0003128	2	1	3
OG0003129	2	1	3
OG0003130	2	1	3
OG0003131	2	1	3
OG0003132	2	1	3
OG0003133	2	1	3
OG0003134	2	1	3
OG0003135	2	1	3
OG0003136	2	1	3
OG0003137	2	1	3
OG0003138	2	1	3
OG0003139	2	1	3
OG0003140	2	1	3
OG0003141	2	1	3
OG0003142	2	1	3
OG0003143	1	2	3
OG0003144	1	2	3
OG0003145	1	2	3
OG0003146	2	1	3
OG0003147	1	2	3
OG0003148	2	1	3
OG0003149	2	1	3
OG0003150	1	2	3
OG0003151	1	2	3
OG0003152	1	2	3
OG0003153	2	1	3
OG0003154	2	1	3
OG0003155	1	2	3
OG0003156	2	1	3
OG0003157	1	2	3
OG0003158	2	1	3
OG0003159	1	2	3
OG0003160	1	2	3
OG0003161	2	1	3
OG0003162	2	1	3
OG0003163	2	1	3
OG0003164	2	1	3
OG0003165	2	1	3
OG0003166	2	1	3
OG0003167	2	1	3
OG0003168	2	1	3
OG0003169	1	2	3
OG0003170	1	2	3
OG0003171	1	2	3
OG0003172	1	2	3
OG0003173	2	1	3
OG0003174	2	1	3
OG0003175	2	1	3
OG0003176	2	1	3
OG0003177	2	1	3
OG0003178	2	1	3
OG0003179	1	2	3
OG0003180	1	2	3
OG0003181	1	2	3
OG0003182	1	2	3
OG0003183	1	2	3
OG0003184	2	1	3
OG0003185	1	2	3
OG0003186	1	2	3
OG0003187	1	2	3
OG0003188	1	2	3
OG0003189	2	1	3
OG0003190	2	1	3
OG0003191	2	1	3
OG0003192	2	1	3
OG0003193	1	2	3
OG0003194	1	2	3
OG0003195	2	1	3
OG0003196	2	1	3
OG0003197	2	1	3
OG0003198	2	1	3
OG0003199	2	1	3
OG0003200	1	2	3
OG0003201	2	1	3
OG0003202	2	1	3
OG0003203	2	1	3
OG0003204	2	1	3
OG0003205	2	1	3
OG0003206	2	1	3
OG0003207	2	1	3
OG0003208	2	1	3
OG0003209	2	1	3
OG0003210	2	1	3
OG0003211	1	2	3
OG0003212	1	2	3
OG0003213	2	1	3
OG0003214	2	1	3
OG0003215	2	1	3
OG0003216	2	1	3
OG0003217	1	2	3
OG0003218	2	1	3
OG0003219	2	1	3
OG0003220	2	1	3
OG0003221	1	2	3
OG0003222	2	1	3
OG0003223	1	2	3
OG0003224	1	2	3
OG0003225	1	2	3
OG0003226	1	2	3
OG0003227	2	1	3
OG0003228	2	1	3
OG0003229	2	1	3
OG0003230	1	2	3
OG0003231	2	1	3
OG0003232	2	1	3
OG0003233	2	1	3
OG0003234	2	1	3
OG0003235	2	1	3
OG0003236	1	2	3
OG0003237	2	1	3
OG0003238	2	1	3
OG0003239	2	1	3
OG0003240	1	2	3
OG0003241	1	2	3
OG0003242	2	1	3
OG0003243	1	2	3
OG0003244	2	1	3
OG0003245	2	1	3
OG0003246	2	1	3
OG0003247	2	1	3
OG0003248	2	1	3
OG0003249	2	1	3
OG0003250	2	1	3
OG0003251	2	1	3
OG0003252	2	1	3
OG0003253	2	1	3
OG0003254	2	1	3
OG0003255	2	1	3
OG0003256	2	1	3
OG0003257	2	1	3
OG0003258	2	1	3
OG0003259	1	2	3
OG0003260	1	2	3
OG0003261	1	2	3
OG0003262	1	2	3
OG0003263	2	1	3
OG0003264	2	1	3
OG0003265	1	2	3
OG0003266	2	1	3
OG0003267	1	2	3
OG0003268	2	1	3
OG0003269	2	1	3
OG0003270	3	0	3
OG0003271	1	2	3
OG0003272	2	1	3
OG0003273	2	1	3
OG0003274	2	1	3
OG0003275	2	1	3
OG0003276	1	2	3
OG0003277	1	2	3
OG0003278	1	2	3
OG0003279	2	1	3
OG0003280	1	2	3
OG0003281	2	1	3
OG0003282	1	2	3
OG0003283	2	1	3
OG0003284	2	1	3
OG0003285	1	2	3
OG0003286	2	1	3
OG0003287	2	1	3
OG0003288	2	1	3
OG0003289	2	1	3
OG0003290	2	1	3
OG0003291	2	1	3
OG0003292	2	1	3
OG0003293	2	1	3
OG0003294	2	1	3
OG0003295	2	1	3
OG0003296	2	1	3
OG0003297	2	1	3
OG0003298	2	1	3
OG0003299	2	1	3
OG0003300	2	1	3
OG0003301	2	1	3
OG0003302	2	1	3
OG0003303	2	1	3
OG0003304	2	1	3
OG0003305	2	1	3
OG0003306	1	2	3
OG0003307	1	2	3
OG0003308	2	1	3
OG0003309	2	1	3
OG0003310	2	1	3
OG0003311	2	1	3
OG0003312	1	2	3
OG0003313	2	1	3
OG0003314	1	2	3
OG0003315	1	2	3
OG0003316	1	2	3
OG0003317	1	2	3
OG0003318	2	1	3
OG0003319	1	2	3
OG0003320	2	1	3
OG0003321	2	1	3
OG0003322	2	1	3
OG0003323	1	2	3
OG0003324	1	2	3
OG0003325	2	1	3
OG0003326	1	2	3
OG0003327	2	1	3
OG0003328	1	2	3
OG0003329	2	1	3
OG0003330	2	1	3
OG0003331	2	1	3
OG0003332	2	1	3
OG0003333	2	1	3
OG0003334	2	1	3
OG0003335	2	1	3
OG0003336	2	1	3
OG0003337	2	1	3
OG0003338	2	1	3
OG0003339	2	1	3
OG0003340	2	1	3
OG0003341	2	1	3
OG0003342	2	1	3
OG0003343	2	1	3
OG0003344	2	1	3
OG0003345	2	1	3
OG0003346	2	1	3
OG0003347	2	1	3
OG0003348	2	1	3
OG0003349	2	1	3
OG0003350	2	1	3
OG0003351	1	2	3
OG0003352	2	1	3
OG0003353	2	1	3
OG0003354	2	1	3
OG0003355	2	1	3
OG0003356	2	1	3
OG0003357	2	1	3
OG0003358	2	1	3
OG0003359	2	1	3
OG0003360	2	1	3
OG0003361	2	1	3
OG0003362	2	1	3
OG0003363	2	1	3
OG0003364	2	1	3
OG0003365	1	2	3
OG0003366	2	1	3
OG0003367	2	1	3
OG0003368	2	1	3
OG0003369	2	1	3
OG0003370	2	1	3
OG0003371	2	1	3
OG0003372	2	1	3
OG0003373	2	1	3
OG0003374	2	1	3
OG0003375	1	2	3
OG0003376	2	1	3
OG0003377	2	1	3
OG0003378	1	2	3
OG0003379	2	1	3
OG0003380	2	1	3
OG0003381	2	1	3
OG0003382	2	1	3
OG0003383	2	1	3
OG0003384	2	1	3
OG0003385	2	1	3
OG0003386	2	1	3
OG0003387	1	2	3
OG0003388	2	1	3
OG0003389	2	1	3
OG0003390	2	1	3
OG0003391	2	1	3
OG0003392	2	1	3
OG0003393	1	2	3
OG0003394	2	1	3
OG0003395	2	1	3
OG0003396	2	1	3
OG0003397	1	2	3
OG0003398	2	1	3
OG0003399	2	1	3
OG0003400	2	1	3
OG0003401	1	2	3
OG0003402	1	2	3
OG0003403	2	1	3
OG0003404	2	1	3
OG0003405	2	1	3
OG0003406	2	1	3
OG0003407	2	1	3
OG0003408	2	1	3
OG0003409	2	1	3
OG0003410	2	1	3
OG0003411	1	2	3
OG0003412	1	2	3
OG0003413	2	1	3
OG0003414	2	1	3
OG0003415	2	1	3
OG0003416	2	1	3
OG0003417	2	1	3
OG0003418	2	1	3
OG0003419	2	1	3
OG0003420	2	1	3
OG0003421	2	1	3
OG0003422	1	2	3
OG0003423	2	1	3
OG0003424	1	2	3
OG0003425	2	1	3
OG0003426	1	2	3
OG0003427	1	2	3
OG0003428	3	0	3
OG0003429	2	1	3
OG0003430	1	2	3
OG0003431	1	2	3
OG0003432	1	2	3
OG0003433	1	2	3
OG0003434	1	2	3
OG0003435	1	2	3
OG0003436	2	1	3
OG0003437	1	2	3
OG0003438	1	2	3
OG0003439	1	2	3
OG0003440	2	1	3
OG0003441	2	1	3
OG0003442	2	1	3
OG0003443	2	1	3
OG0003444	1	2	3
OG0003445	1	2	3
OG0003446	1	2	3
OG0003447	2	1	3
OG0003448	2	1	3
OG0003449	1	2	3
OG0003450	2	1	3
OG0003451	1	2	3
OG0003452	2	1	3
OG0003453	2	1	3
OG0003454	2	1	3
OG0003455	2	1	3
OG0003456	2	1	3
OG0003457	2	1	3
OG0003458	2	1	3
OG0003459	1	2	3
OG0003460	2	1	3
OG0003461	2	1	3
OG0003462	2	1	3
OG0003463	2	1	3
OG0003464	2	1	3
OG0003465	2	1	3
OG0003466	2	1	3
OG0003467	1	2	3
OG0003468	2	1	3
OG0003469	2	1	3
OG0003470	2	1	3
OG0003471	2	1	3
OG0003472	2	1	3
OG0003473	2	1	3
OG0003474	2	1	3
OG0003475	2	1	3
OG0003476	2	1	3
OG0003477	2	1	3
OG0003478	2	1	3
OG0003479	2	1	3
OG0003480	2	1	3
OG0003481	1	2	3
OG0003482	2	1	3
OG0003483	2	1	3
OG0003484	2	1	3
OG0003485	2	1	3
OG0003486	2	1	3
OG0003487	1	2	3
OG0003488	2	1	3
OG0003489	1	2	3
OG0003490	2	1	3
OG0003491	1	2	3
OG0003492	2	1	3
OG0003493	2	1	3
OG0003494	1	2	3
OG0003495	1	2	3
OG0003496	2	1	3
OG0003497	2	1	3
OG0003498	1	2	3
OG0003499	2	1	3
OG0003500	1	2	3
OG0003501	2	1	3
OG0003502	1	2	3
OG0003503	2	1	3
OG0003504	2	1	3
OG0003505	2	1	3
OG0003506	2	1	3
OG0003507	2	1	3
OG0003508	1	2	3
OG0003509	1	2	3
OG0003510	2	1	3
OG0003511	2	1	3
OG0003512	2	1	3
OG0003513	2	1	3
OG0003514	2	1	3
OG0003515	1	2	3
OG0003516	1	2	3
OG0003517	2	1	3
OG0003518	2	1	3
OG0003519	2	1	3
OG0003520	2	1	3
OG0003521	2	1	3
OG0003522	2	1	3
OG0003523	2	1	3
OG0003524	1	2	3
OG0003525	2	1	3
OG0003526	1	2	3
OG0003527	2	1	3
OG0003528	1	2	3
OG0003529	1	2	3
OG0003530	1	2	3
OG0003531	1	2	3
OG0003532	1	2	3
OG0003533	2	1	3
OG0003534	2	1	3
OG0003535	2	1	3
OG0003536	2	1	3
OG0003537	1	2	3
OG0003538	2	1	3
OG0003539	2	1	3
OG0003540	2	1	3
OG0003541	2	1	3
OG0003542	2	1	3
OG0003543	2	1	3
OG0003544	2	1	3
OG0003545	2	1	3
OG0003546	2	1	3
OG0003547	2	1	3
OG0003548	2	1	3
OG0003549	1	2	3
OG0003550	1	2	3
OG0003551	2	1	3
OG0003552	2	1	3
OG0003553	2	1	3
OG0003554	2	1	3
OG0003555	2	1	3
OG0003556	2	1	3
OG0003557	2	1	3
OG0003558	2	1	3
OG0003559	2	1	3
OG0003560	2	1	3
OG0003561	2	1	3
OG0003562	2	1	3
OG0003563	2	1	3
OG0003564	2	1	3
OG0003565	1	2	3
OG0003566	2	1	3
OG0003567	2	1	3
OG0003568	1	2	3
OG0003569	1	2	3
OG0003570	2	1	3
OG0003571	1	2	3
OG0003572	2	1	3
OG0003573	1	2	3
OG0003574	1	2	3
OG0003575	2	1	3
OG0003576	2	1	3
OG0003577	1	2	3
OG0003578	2	1	3
OG0003579	2	1	3
OG0003580	2	1	3
OG0003581	1	2	3
OG0003582	1	2	3
OG0003583	2	1	3
OG0003584	2	1	3
OG0003585	1	2	3
OG0003586	2	1	3
OG0003587	2	1	3
OG0003588	2	1	3
OG0003589	2	1	3
OG0003590	2	1	3
OG0003591	2	1	3
OG0003592	2	1	3
OG0003593	2	1	3
OG0003594	2	1	3
OG0003595	2	1	3
OG0003596	2	1	3
OG0003597	1	2	3
OG0003598	1	2	3
OG0003599	2	1	3
OG0003600	1	2	3
OG0003601	2	1	3
OG0003602	2	1	3
OG0003603	2	1	3
OG0003604	2	1	3
OG0003605	2	1	3
OG0003606	2	1	3
OG0003607	2	1	3
OG0003608	2	1	3
OG0003609	2	1	3
OG0003610	2	1	3
OG0003611	2	1	3
OG0003612	2	1	3
OG0003613	2	1	3
OG0003614	2	1	3
OG0003615	2	1	3
OG0003616	2	1	3
OG0003617	2	1	3
OG0003618	2	1	3
OG0003619	2	1	3
OG0003620	2	1	3
OG0003621	2	1	3
OG0003622	2	1	3
OG0003623	2	1	3
OG0003624	1	2	3
OG0003625	1	2	3
OG0003626	1	2	3
OG0003627	2	1	3
OG0003628	2	1	3
OG0003629	2	1	3
OG0003630	2	1	3
OG0003631	1	2	3
OG0003632	2	1	3
OG0003633	2	1	3
OG0003634	2	1	3
OG0003635	2	1	3
OG0003636	2	1	3
OG0003637	1	2	3
OG0003638	2	1	3
OG0003639	2	1	3
OG0003640	2	1	3
OG0003641	2	1	3
OG0003642	1	2	3
OG0003643	2	1	3
OG0003644	1	2	3
OG0003645	2	1	3
OG0003646	1	2	3
OG0003647	1	2	3
OG0003648	1	2	3
OG0003649	1	2	3
OG0003650	2	1	3
OG0003651	1	2	3
OG0003652	1	2	3
OG0003653	1	2	3
OG0003654	2	1	3
OG0003655	2	1	3
OG0003656	2	1	3
OG0003657	2	1	3
OG0003658	2	1	3
OG0003659	2	1	3
OG0003660	1	2	3
OG0003661	2	1	3
OG0003662	2	1	3
OG0003663	2	1	3
OG0003664	2	1	3
OG0003665	2	1	3
OG0003666	2	1	3
OG0003667	2	1	3
OG0003668	1	2	3
OG0003669	1	2	3
OG0003670	3	0	3
OG0003671	1	2	3
OG0003672	2	1	3
OG0003673	2	1	3
OG0003674	2	1	3
OG0003675	1	2	3
OG0003676	2	1	3
OG0003677	2	1	3
OG0003678	2	1	3
OG0003679	2	1	3
OG0003680	1	2	3
OG0003681	1	2	3
OG0003682	1	2	3
OG0003683	1	2	3
OG0003684	2	1	3
OG0003685	2	1	3
OG0003686	2	1	3
OG0003687	2	1	3
OG0003688	2	1	3
OG0003689	1	2	3
OG0003690	1	2	3
OG0003691	1	2	3
OG0003692	2	1	3
OG0003693	2	1	3
OG0003694	2	1	3
OG0003695	2	1	3
OG0003696	2	1	3
OG0003697	1	2	3
OG0003698	1	2	3
OG0003699	2	1	3
OG0003700	3	0	3
OG0003701	2	1	3
OG0003702	2	1	3
OG0003703	2	1	3
OG0003704	1	2	3
OG0003705	2	1	3
OG0003706	2	1	3
OG0003707	2	1	3
OG0003708	2	1	3
OG0003709	2	1	3
OG0003710	1	2	3
OG0003711	2	1	3
OG0003712	1	2	3
OG0003713	2	1	3
OG0003714	2	1	3
OG0003715	2	1	3
OG0003716	1	2	3
OG0003717	1	2	3
OG0003718	2	1	3
OG0003719	2	1	3
OG0003720	2	1	3
OG0003721	1	2	3
OG0003722	2	1	3
OG0003723	2	1	3
OG0003724	2	1	3
OG0003725	2	1	3
OG0003726	1	2	3
OG0003727	1	2	3
OG0003728	1	2	3
OG0003729	1	2	3
OG0003730	2	1	3
OG0003731	1	2	3
OG0003732	2	1	3
OG0003733	1	2	3
OG0003734	1	2	3
OG0003735	1	2	3
OG0003736	2	1	3
OG0003737	2	1	3
OG0003738	2	1	3
OG0003739	1	2	3
OG0003740	1	2	3
OG0003741	1	2	3
OG0003742	1	2	3
OG0003743	1	2	3
OG0003744	1	2	3
OG0003745	2	1	3
OG0003746	2	1	3
OG0003747	1	2	3
OG0003748	1	2	3
OG0003749	2	1	3
OG0003750	2	1	3
OG0003751	2	1	3
OG0003752	2	1	3
OG0003753	2	1	3
OG0003754	2	1	3
OG0003755	2	1	3
OG0003756	2	1	3
OG0003757	1	2	3
OG0003758	2	1	3
OG0003759	2	1	3
OG0003760	1	2	3
OG0003761	2	1	3
OG0003762	2	1	3
OG0003763	2	1	3
OG0003764	2	1	3
OG0003765	2	1	3
OG0003766	1	2	3
OG0003767	2	1	3
OG0003768	2	1	3
OG0003769	1	2	3
OG0003770	1	2	3
OG0003771	2	1	3
OG0003772	1	2	3
OG0003773	2	1	3
OG0003774	1	2	3
OG0003775	2	1	3
OG0003776	2	1	3
OG0003777	2	1	3
OG0003778	2	1	3
OG0003779	1	2	3
OG0003780	2	1	3
OG0003781	1	2	3
OG0003782	1	2	3
OG0003783	1	2	3
OG0003784	1	2	3
OG0003785	2	1	3
OG0003786	2	1	3
OG0003787	1	2	3
OG0003788	2	1	3
OG0003789	2	1	3
OG0003790	2	1	3
OG0003791	2	1	3
OG0003792	1	2	3
OG0003793	1	2	3
OG0003794	2	1	3
OG0003795	2	1	3
OG0003796	1	2	3
OG0003797	2	1	3
OG0003798	2	1	3
OG0003799	2	1	3
OG0003800	2	1	3
OG0003801	1	2	3
OG0003802	2	1	3
OG0003803	1	2	3
OG0003804	2	1	3
OG0003805	2	1	3
OG0003806	2	1	3
OG0003807	1	2	3
OG0003808	1	2	3
OG0003809	2	1	3
OG0003810	2	1	3
OG0003811	2	1	3
OG0003812	2	1	3
OG0003813	2	1	3
OG0003814	1	2	3
OG0003815	2	1	3
OG0003816	1	2	3
OG0003817	2	1	3
OG0003818	2	1	3
OG0003819	2	1	3
OG0003820	1	2	3
OG0003821	1	2	3
OG0003822	1	2	3
OG0003823	1	2	3
OG0003824	2	1	3
OG0003825	2	1	3
OG0003826	2	1	3
OG0003827	2	1	3
OG0003828	2	1	3
OG0003829	1	2	3
OG0003830	2	1	3
OG0003831	2	1	3
OG0003832	2	1	3
OG0003833	2	1	3
OG0003834	2	1	3
OG0003835	1	2	3
OG0003836	1	2	3
OG0003837	2	1	3
OG0003838	2	1	3
OG0003839	1	2	3
OG0003840	2	1	3
OG0003841	2	1	3
OG0003842	2	1	3
OG0003843	2	1	3
OG0003844	2	1	3
OG0003845	2	1	3
OG0003846	2	1	3
OG0003847	2	1	3
OG0003848	2	1	3
OG0003849	2	1	3
OG0003850	1	2	3
OG0003851	1	2	3
OG0003852	1	2	3
OG0003853	2	1	3
OG0003854	2	1	3
OG0003855	1	2	3
OG0003856	1	2	3
OG0003857	2	1	3
OG0003858	2	1	3
OG0003859	1	2	3
OG0003860	2	1	3
OG0003861	1	2	3
OG0003862	2	1	3
OG0003863	2	1	3
OG0003864	2	1	3
OG0003865	2	1	3
OG0003866	2	1	3
OG0003867	2	1	3
OG0003868	2	1	3
OG0003869	2	1	3
OG0003870	2	1	3
OG0003871	1	2	3
OG0003872	1	2	3
OG0003873	2	1	3
OG0003874	2	1	3
OG0003875	2	1	3
OG0003876	2	1	3
OG0003877	2	1	3
OG0003878	1	2	3
OG0003879	1	2	3
OG0003880	1	2	3
OG0003881	1	2	3
OG0003882	2	1	3
OG0003883	2	1	3
OG0003884	2	1	3
OG0003885	1	2	3
OG0003886	2	1	3
OG0003887	2	1	3
OG0003888	2	1	3
OG0003889	2	1	3
OG0003890	2	1	3
OG0003891	2	1	3
OG0003892	2	1	3
OG0003893	2	1	3
OG0003894	2	1	3
OG0003895	2	1	3
OG0003896	2	1	3
OG0003897	1	2	3
OG0003898	1	2	3
OG0003899	1	2	3
OG0003900	1	2	3
OG0003901	2	1	3
OG0003902	1	2	3
OG0003903	2	1	3
OG0003904	1	2	3
OG0003905	1	2	3
OG0003906	1	2	3
OG0003907	1	2	3
OG0003908	2	1	3
OG0003909	2	1	3
OG0003910	2	1	3
OG0003911	2	1	3
OG0003912	1	2	3
OG0003913	1	2	3
OG0003914	1	2	3
OG0003915	1	2	3
OG0003916	2	1	3
OG0003917	1	2	3
OG0003918	2	1	3
OG0003919	2	1	3
OG0003920	2	1	3
OG0003921	2	1	3
OG0003922	2	1	3
OG0003923	2	1	3
OG0003924	2	1	3
OG0003925	1	2	3
OG0003926	2	1	3
OG0003927	2	1	3
OG0003928	2	1	3
OG0003929	2	1	3
OG0003930	2	1	3
OG0003931	2	1	3
OG0003932	2	1	3
OG0003933	1	2	3
OG0003934	2	1	3
OG0003935	2	1	3
OG0003936	1	2	3
OG0003937	1	2	3
OG0003938	2	1	3
OG0003939	2	1	3
OG0003940	1	2	3
OG0003941	1	2	3
OG0003942	2	1	3
OG0003943	2	1	3
OG0003944	2	1	3
OG0003945	1	2	3
OG0003946	1	2	3
OG0003947	2	1	3
OG0003948	1	2	3
OG0003949	2	1	3
OG0003950	2	1	3
OG0003951	2	1	3
OG0003952	2	1	3
OG0003953	2	1	3
OG0003954	2	1	3
OG0003955	1	2	3
OG0003956	2	1	3
OG0003957	2	1	3
OG0003958	2	1	3
OG0003959	2	1	3
OG0003960	2	1	3
OG0003961	2	1	3
OG0003962	1	2	3
OG0003963	1	2	3
OG0003964	1	2	3
OG0003965	2	1	3
OG0003966	2	1	3
OG0003967	2	1	3
OG0003968	2	1	3
OG0003969	2	1	3
OG0003970	1	2	3
OG0003971	1	2	3
OG0003972	2	1	3
OG0003973	1	2	3
OG0003974	2	1	3
OG0003975	1	2	3
OG0003976	2	1	3
OG0003977	2	1	3
OG0003978	2	1	3
OG0003979	2	1	3
OG0003980	2	1	3
OG0003981	2	1	3
OG0003982	2	1	3
OG0003983	2	1	3
OG0003984	2	1	3
OG0003985	2	1	3
OG0003986	2	1	3
OG0003987	2	1	3
OG0003988	2	1	3
OG0003989	2	1	3
OG0003990	2	1	3
OG0003991	2	1	3
OG0003992	2	1	3
OG0003993	2	1	3
OG0003994	2	1	3
OG0003995	2	1	3
OG0003996	2	1	3
OG0003997	2	1	3
OG0003998	2	1	3
OG0003999	2	1	3
OG0004000	2	1	3
OG0004001	1	2	3
OG0004002	1	2	3
OG0004003	2	1	3
OG0004004	1	2	3
OG0004005	1	2	3
OG0004006	2	1	3
OG0004007	2	1	3
OG0004008	1	2	3
OG0004009	2	1	3
OG0004010	1	2	3
OG0004011	1	2	3
OG0004012	1	2	3
OG0004013	1	2	3
OG0004014	2	1	3
OG0004015	2	1	3
OG0004016	2	1	3
OG0004017	2	1	3
OG0004018	2	1	3
OG0004019	2	1	3
OG0004020	2	1	3
OG0004021	1	2	3
OG0004022	2	1	3
OG0004023	1	2	3
OG0004024	2	1	3
OG0004025	1	2	3
OG0004026	2	1	3
OG0004027	2	1	3
OG0004028	2	1	3
OG0004029	1	2	3
OG0004030	2	1	3
OG0004031	1	2	3
OG0004032	2	1	3
OG0004033	1	2	3
OG0004034	1	2	3
OG0004035	2	1	3
OG0004036	2	1	3
OG0004037	2	1	3
OG0004038	1	2	3
OG0004039	2	1	3
OG0004040	1	2	3
OG0004041	2	1	3
OG0004042	2	1	3
OG0004043	2	1	3
OG0004044	2	1	3
OG0004045	2	1	3
OG0004046	1	2	3
OG0004047	1	2	3
OG0004048	2	1	3
OG0004049	2	1	3
OG0004050	2	1	3
OG0004051	2	1	3
OG0004052	1	2	3
OG0004053	1	2	3
OG0004054	1	2	3
OG0004055	2	1	3
OG0004056	2	1	3
OG0004057	1	2	3
OG0004058	1	2	3
OG0004059	2	1	3
OG0004060	2	1	3
OG0004061	2	1	3
OG0004062	2	1	3
OG0004063	2	1	3
OG0004064	2	1	3
OG0004065	2	1	3
OG0004066	1	2	3
OG0004067	2	1	3
OG0004068	1	2	3
OG0004069	2	1	3
OG0004070	1	2	3
OG0004071	1	2	3
OG0004072	1	2	3
OG0004073	1	2	3
OG0004074	1	2	3
OG0004075	1	2	3
OG0004076	1	2	3
OG0004077	2	1	3
OG0004078	1	2	3
OG0004079	2	1	3
OG0004080	2	1	3
OG0004081	2	1	3
OG0004082	2	1	3
OG0004083	2	1	3
OG0004084	2	1	3
OG0004085	2	1	3
OG0004086	2	1	3
OG0004087	2	1	3
OG0004088	2	1	3
OG0004089	2	1	3
OG0004090	2	1	3
OG0004091	2	1	3
OG0004092	2	1	3
OG0004093	1	2	3
OG0004094	2	1	3
OG0004095	1	2	3
OG0004096	2	1	3
OG0004097	1	2	3
OG0004098	2	1	3
OG0004099	2	1	3
OG0004100	1	2	3
OG0004101	2	1	3
OG0004102	2	1	3
OG0004103	1	2	3
OG0004104	2	1	3
OG0004105	2	1	3
OG0004106	2	1	3
OG0004107	2	1	3
OG0004108	2	1	3
OG0004109	2	1	3
OG0004110	2	1	3
OG0004111	2	1	3
OG0004112	2	1	3
OG0004113	2	1	3
OG0004114	2	1	3
OG0004115	1	2	3
OG0004116	2	1	3
OG0004117	2	1	3
OG0004118	2	1	3
OG0004119	2	1	3
OG0004120	2	1	3
OG0004121	2	1	3
OG0004122	2	1	3
OG0004123	1	2	3
OG0004124	2	1	3
OG0004125	2	1	3
OG0004126	2	1	3
OG0004127	1	2	3
OG0004128	1	2	3
OG0004129	1	2	3
OG0004130	2	1	3
OG0004131	2	1	3
OG0004132	1	2	3
OG0004133	1	2	3
OG0004134	1	2	3
OG0004135	2	1	3
OG0004136	2	1	3
OG0004137	2	1	3
OG0004138	2	1	3
OG0004139	2	1	3
OG0004140	2	1	3
OG0004141	2	1	3
OG0004142	2	1	3
OG0004143	2	1	3
OG0004144	2	1	3
OG0004145	2	1	3
OG0004146	2	1	3
OG0004147	2	1	3
OG0004148	2	1	3
OG0004149	1	2	3
OG0004150	1	2	3
OG0004151	1	2	3
OG0004152	2	1	3
OG0004153	2	1	3
OG0004154	1	2	3
OG0004155	2	1	3
OG0004156	2	1	3
OG0004157	2	1	3
OG0004158	2	1	3
OG0004159	2	1	3
OG0004160	2	1	3
OG0004161	2	1	3
OG0004162	2	1	3
OG0004163	2	1	3
OG0004164	1	2	3
OG0004165	1	2	3
OG0004166	1	2	3
OG0004167	1	2	3
OG0004168	2	1	3
OG0004169	1	2	3
OG0004170	1	2	3
OG0004171	2	1	3
OG0004172	2	1	3
OG0004173	1	2	3
OG0004174	2	1	3
OG0004175	2	1	3
OG0004176	2	1	3
OG0004177	2	1	3
OG0004178	2	1	3
OG0004179	2	1	3
OG0004180	2	1	3
OG0004181	2	1	3
OG0004182	1	2	3
OG0004183	2	1	3
OG0004184	2	1	3
OG0004185	2	1	3
OG0004186	2	1	3
OG0004187	2	1	3
OG0004188	2	1	3
OG0004189	2	1	3
OG0004190	2	1	3
OG0004191	2	1	3
OG0004192	2	1	3
OG0004193	1	2	3
OG0004194	2	1	3
OG0004195	2	1	3
OG0004196	2	1	3
OG0004197	1	2	3
OG0004198	1	2	3
OG0004199	2	1	3
OG0004200	1	2	3
OG0004201	2	1	3
OG0004202	2	1	3
OG0004203	2	1	3
OG0004204	2	1	3
OG0004205	2	1	3
OG0004206	2	1	3
OG0004207	2	1	3
OG0004208	2	1	3
OG0004209	1	2	3
OG0004210	2	1	3
OG0004211	2	1	3
OG0004212	2	1	3
OG0004213	2	1	3
OG0004214	2	1	3
OG0004215	2	1	3
OG0004216	2	1	3
OG0004217	2	1	3
OG0004218	2	1	3
OG0004219	2	1	3
OG0004220	2	1	3
OG0004221	1	2	3
OG0004222	3	0	3
OG0004223	2	1	3
OG0004224	2	1	3
OG0004225	2	1	3
OG0004226	1	2	3
OG0004227	2	1	3
OG0004228	2	1	3
OG0004229	2	1	3
OG0004230	2	1	3
OG0004231	1	2	3
OG0004232	2	1	3
OG0004233	2	1	3
OG0004234	1	2	3
OG0004235	1	2	3
OG0004236	1	2	3
OG0004237	1	2	3
OG0004238	2	1	3
OG0004239	2	1	3
OG0004240	2	1	3
OG0004241	2	1	3
OG0004242	2	1	3
OG0004243	1	2	3
OG0004244	1	2	3
OG0004245	1	2	3
OG0004246	1	2	3
OG0004247	1	2	3
OG0004248	1	2	3
OG0004249	1	2	3
OG0004250	1	2	3
OG0004251	2	1	3
OG0004252	2	1	3
OG0004253	2	1	3
OG0004254	1	2	3
OG0004255	1	2	3
OG0004256	1	2	3
OG0004257	2	1	3
OG0004258	2	1	3
OG0004259	2	1	3
OG0004260	2	1	3
OG0004261	2	1	3
OG0004262	1	2	3
OG0004263	1	2	3
OG0004264	1	2	3
OG0004265	1	2	3
OG0004266	1	2	3
OG0004267	1	2	3
OG0004268	1	2	3
OG0004269	2	1	3
OG0004270	2	1	3
OG0004271	2	1	3
OG0004272	2	1	3
OG0004273	2	1	3
OG0004274	2	1	3
OG0004275	1	2	3
OG0004276	1	2	3
OG0004277	1	2	3
OG0004278	1	2	3
OG0004279	1	2	3
OG0004280	2	1	3
OG0004281	2	1	3
OG0004282	2	1	3
OG0004283	1	2	3
OG0004284	2	1	3
OG0004285	2	1	3
OG0004286	2	1	3
OG0004287	2	1	3
OG0004288	2	1	3
OG0004289	1	2	3
OG0004290	2	1	3
OG0004291	2	1	3
OG0004292	2	1	3
OG0004293	2	1	3
OG0004294	2	1	3
OG0004295	2	1	3
OG0004296	2	1	3
OG0004297	2	1	3
OG0004298	2	1	3
OG0004299	1	2	3
OG0004300	2	1	3
OG0004301	2	1	3
OG0004302	2	1	3
OG0004303	1	2	3
OG0004304	2	1	3
OG0004305	2	1	3
OG0004306	1	2	3
OG0004307	2	1	3
OG0004308	2	1	3
OG0004309	2	1	3
OG0004310	2	1	3
OG0004311	2	1	3
OG0004312	1	2	3
OG0004313	2	1	3
OG0004314	2	1	3
OG0004315	2	1	3
OG0004316	2	1	3
OG0004317	2	1	3
OG0004318	2	1	3
OG0004319	1	2	3
OG0004320	2	1	3
OG0004321	1	2	3
OG0004322	1	2	3
OG0004323	1	2	3
OG0004324	1	2	3
OG0004325	1	2	3
OG0004326	2	1	3
OG0004327	1	2	3
OG0004328	1	2	3
OG0004329	1	2	3
OG0004330	2	1	3
OG0004331	1	2	3
OG0004332	1	2	3
OG0004333	2	1	3
OG0004334	1	2	3
OG0004335	1	2	3
OG0004336	1	2	3
OG0004337	1	2	3
OG0004338	1	2	3
OG0004339	1	2	3
OG0004340	1	2	3
OG0004341	1	2	3
OG0004342	0	3	3
OG0004343	0	3	3
OG0004344	0	3	3
OG0004345	0	3	3
OG0004346	0	3	3
OG0004347	0	3	3
OG0004348	0	3	3
OG0004349	0	3	3
OG0004350	0	3	3
OG0004351	0	3	3
OG0004352	0	3	3
OG0004353	0	3	3
OG0004354	0	3	3
OG0004355	0	3	3
OG0004356	0	3	3
OG0004357	1	1	2
OG0004358	1	1	2
OG0004359	1	1	2
OG0004360	1	1	2
OG0004361	1	1	2
OG0004362	1	1	2
OG0004363	1	1	2
OG0004364	1	1	2
OG0004365	1	1	2
OG0004366	1	1	2
OG0004367	2	0	2
OG0004368	1	1	2
OG0004369	1	1	2
OG0004370	1	1	2
OG0004371	1	1	2
OG0004372	1	1	2
OG0004373	1	1	2
OG0004374	1	1	2
OG0004375	1	1	2
OG0004376	1	1	2
OG0004377	1	1	2
OG0004378	1	1	2
OG0004379	1	1	2
OG0004380	1	1	2
OG0004381	1	1	2
OG0004382	1	1	2
OG0004383	1	1	2
OG0004384	1	1	2
OG0004385	1	1	2
OG0004386	1	1	2
OG0004387	1	1	2
OG0004388	1	1	2
OG0004389	1	1	2
OG0004390	1	1	2
OG0004391	1	1	2
OG0004392	1	1	2
OG0004393	1	1	2
OG0004394	1	1	2
OG0004395	1	1	2
OG0004396	1	1	2
OG0004397	1	1	2
OG0004398	1	1	2
OG0004399	1	1	2
OG0004400	1	1	2
OG0004401	1	1	2
OG0004402	1	1	2
OG0004403	1	1	2
OG0004404	1	1	2
OG0004405	1	1	2
OG0004406	1	1	2
OG0004407	1	1	2
OG0004408	1	1	2
OG0004409	1	1	2
OG0004410	1	1	2
OG0004411	1	1	2
OG0004412	1	1	2
OG0004413	1	1	2
OG0004414	1	1	2
OG0004415	1	1	2
OG0004416	1	1	2
OG0004417	1	1	2
OG0004418	1	1	2
OG0004419	1	1	2
OG0004420	1	1	2
OG0004421	1	1	2
OG0004422	1	1	2
OG0004423	1	1	2
OG0004424	1	1	2
OG0004425	1	1	2
OG0004426	1	1	2
OG0004427	1	1	2
OG0004428	1	1	2
OG0004429	1	1	2
OG0004430	1	1	2
OG0004431	1	1	2
OG0004432	1	1	2
OG0004433	2	0	2
OG0004434	1	1	2
OG0004435	1	1	2
OG0004436	1	1	2
OG0004437	1	1	2
OG0004438	1	1	2
OG0004439	1	1	2
OG0004440	1	1	2
OG0004441	1	1	2
OG0004442	1	1	2
OG0004443	1	1	2
OG0004444	1	1	2
OG0004445	1	1	2
OG0004446	1	1	2
OG0004447	1	1	2
OG0004448	1	1	2
OG0004449	1	1	2
OG0004450	1	1	2
OG0004451	1	1	2
OG0004452	1	1	2
OG0004453	1	1	2
OG0004454	1	1	2
OG0004455	1	1	2
OG0004456	1	1	2
OG0004457	1	1	2
OG0004458	1	1	2
OG0004459	1	1	2
OG0004460	1	1	2
OG0004461	1	1	2
OG0004462	1	1	2
OG0004463	1	1	2
OG0004464	1	1	2
OG0004465	1	1	2
OG0004466	1	1	2
OG0004467	1	1	2
OG0004468	1	1	2
OG0004469	1	1	2
OG0004470	1	1	2
OG0004471	1	1	2
OG0004472	1	1	2
OG0004473	1	1	2
OG0004474	1	1	2
OG0004475	1	1	2
OG0004476	1	1	2
OG0004477	1	1	2
OG0004478	1	1	2
OG0004479	1	1	2
OG0004480	1	1	2
OG0004481	1	1	2
OG0004482	1	1	2
OG0004483	1	1	2
OG0004484	1	1	2
OG0004485	1	1	2
OG0004486	1	1	2
OG0004487	1	1	2
OG0004488	1	1	2
OG0004489	1	1	2
OG0004490	1	1	2
OG0004491	1	1	2
OG0004492	1	1	2
OG0004493	1	1	2
OG0004494	1	1	2
OG0004495	1	1	2
OG0004496	1	1	2
OG0004497	1	1	2
OG0004498	1	1	2
OG0004499	1	1	2
OG0004500	1	1	2
OG0004501	1	1	2
OG0004502	1	1	2
OG0004503	1	1	2
OG0004504	1	1	2
OG0004505	1	1	2
OG0004506	1	1	2
OG0004507	1	1	2
OG0004508	1	1	2
OG0004509	1	1	2
OG0004510	1	1	2
OG0004511	1	1	2
OG0004512	1	1	2
OG0004513	1	1	2
OG0004514	1	1	2
OG0004515	1	1	2
OG0004516	1	1	2
OG0004517	1	1	2
OG0004518	1	1	2
OG0004519	1	1	2
OG0004520	1	1	2
OG0004521	1	1	2
OG0004522	1	1	2
OG0004523	1	1	2
OG0004524	1	1	2
OG0004525	1	1	2
OG0004526	1	1	2
OG0004527	1	1	2
OG0004528	1	1	2
OG0004529	1	1	2
OG0004530	1	1	2
OG0004531	1	1	2
OG0004532	1	1	2
OG0004533	1	1	2
OG0004534	1	1	2
OG0004535	1	1	2
OG0004536	1	1	2
OG0004537	1	1	2
OG0004538	1	1	2
OG0004539	1	1	2
OG0004540	1	1	2
OG0004541	1	1	2
OG0004542	1	1	2
OG0004543	1	1	2
OG0004544	1	1	2
OG0004545	1	1	2
OG0004546	1	1	2
OG0004547	1	1	2
OG0004548	1	1	2
OG0004549	1	1	2
OG0004550	1	1	2
OG0004551	1	1	2
OG0004552	1	1	2
OG0004553	1	1	2
OG0004554	1	1	2
OG0004555	1	1	2
OG0004556	1	1	2
OG0004557	1	1	2
OG0004558	1	1	2
OG0004559	1	1	2
OG0004560	1	1	2
OG0004561	1	1	2
OG0004562	1	1	2
OG0004563	1	1	2
OG0004564	1	1	2
OG0004565	1	1	2
OG0004566	1	1	2
OG0004567	1	1	2
OG0004568	1	1	2
OG0004569	1	1	2
OG0004570	1	1	2
OG0004571	1	1	2
OG0004572	1	1	2
OG0004573	1	1	2
OG0004574	1	1	2
OG0004575	1	1	2
OG0004576	1	1	2
OG0004577	1	1	2
OG0004578	1	1	2
OG0004579	1	1	2
OG0004580	1	1	2
OG0004581	1	1	2
OG0004582	1	1	2
OG0004583	1	1	2
OG0004584	1	1	2
OG0004585	1	1	2
OG0004586	1	1	2
OG0004587	1	1	2
OG0004588	1	1	2
OG0004589	1	1	2
OG0004590	1	1	2
OG0004591	1	1	2
OG0004592	1	1	2
OG0004593	1	1	2
OG0004594	1	1	2
OG0004595	1	1	2
OG0004596	1	1	2
OG0004597	1	1	2
OG0004598	1	1	2
OG0004599	1	1	2
OG0004600	1	1	2
OG0004601	1	1	2
OG0004602	1	1	2
OG0004603	1	1	2
OG0004604	1	1	2
OG0004605	1	1	2
OG0004606	1	1	2
OG0004607	1	1	2
OG0004608	1	1	2
OG0004609	1	1	2
OG0004610	1	1	2
OG0004611	1	1	2
OG0004612	1	1	2
OG0004613	1	1	2
OG0004614	1	1	2
OG0004615	1	1	2
OG0004616	1	1	2
OG0004617	1	1	2
OG0004618	1	1	2
OG0004619	1	1	2
OG0004620	1	1	2
OG0004621	1	1	2
OG0004622	1	1	2
OG0004623	1	1	2
OG0004624	1	1	2
OG0004625	1	1	2
OG0004626	1	1	2
OG0004627	1	1	2
OG0004628	1	1	2
OG0004629	1	1	2
OG0004630	1	1	2
OG0004631	1	1	2
OG0004632	1	1	2
OG0004633	1	1	2
OG0004634	1	1	2
OG0004635	1	1	2
OG0004636	1	1	2
OG0004637	1	1	2
OG0004638	1	1	2
OG0004639	1	1	2
OG0004640	1	1	2
OG0004641	1	1	2
OG0004642	1	1	2
OG0004643	1	1	2
OG0004644	1	1	2
OG0004645	1	1	2
OG0004646	1	1	2
OG0004647	1	1	2
OG0004648	1	1	2
OG0004649	1	1	2
OG0004650	1	1	2
OG0004651	1	1	2
OG0004652	1	1	2
OG0004653	1	1	2
OG0004654	1	1	2
OG0004655	1	1	2
OG0004656	1	1	2
OG0004657	1	1	2
OG0004658	1	1	2
OG0004659	1	1	2
OG0004660	1	1	2
OG0004661	1	1	2
OG0004662	1	1	2
OG0004663	1	1	2
OG0004664	1	1	2
OG0004665	1	1	2
OG0004666	1	1	2
OG0004667	1	1	2
OG0004668	1	1	2
OG0004669	1	1	2
OG0004670	1	1	2
OG0004671	1	1	2
OG0004672	1	1	2
OG0004673	1	1	2
OG0004674	1	1	2
OG0004675	1	1	2
OG0004676	1	1	2
OG0004677	1	1	2
OG0004678	1	1	2
OG0004679	1	1	2
OG0004680	1	1	2
OG0004681	1	1	2
OG0004682	1	1	2
OG0004683	1	1	2
OG0004684	1	1	2
OG0004685	1	1	2
OG0004686	1	1	2
OG0004687	1	1	2
OG0004688	1	1	2
OG0004689	1	1	2
OG0004690	1	1	2
OG0004691	1	1	2
OG0004692	1	1	2
OG0004693	1	1	2
OG0004694	1	1	2
OG0004695	1	1	2
OG0004696	1	1	2
OG0004697	2	0	2
OG0004698	1	1	2
OG0004699	1	1	2
OG0004700	1	1	2
OG0004701	1	1	2
OG0004702	1	1	2
OG0004703	1	1	2
OG0004704	1	1	2
OG0004705	1	1	2
OG0004706	1	1	2
OG0004707	1	1	2
OG0004708	1	1	2
OG0004709	1	1	2
OG0004710	1	1	2
OG0004711	1	1	2
OG0004712	1	1	2
OG0004713	1	1	2
OG0004714	1	1	2
OG0004715	1	1	2
OG0004716	1	1	2
OG0004717	1	1	2
OG0004718	1	1	2
OG0004719	1	1	2
OG0004720	1	1	2
OG0004721	1	1	2
OG0004722	1	1	2
OG0004723	1	1	2
OG0004724	1	1	2
OG0004725	1	1	2
OG0004726	1	1	2
OG0004727	1	1	2
OG0004728	1	1	2
OG0004729	1	1	2
OG0004730	1	1	2
OG0004731	1	1	2
OG0004732	1	1	2
OG0004733	1	1	2
OG0004734	1	1	2
OG0004735	1	1	2
OG0004736	1	1	2
OG0004737	1	1	2
OG0004738	1	1	2
OG0004739	1	1	2
OG0004740	1	1	2
OG0004741	1	1	2
OG0004742	1	1	2
OG0004743	1	1	2
OG0004744	1	1	2
OG0004745	1	1	2
OG0004746	1	1	2
OG0004747	1	1	2
OG0004748	1	1	2
OG0004749	1	1	2
OG0004750	1	1	2
OG0004751	1	1	2
OG0004752	1	1	2
OG0004753	1	1	2
OG0004754	1	1	2
OG0004755	1	1	2
OG0004756	1	1	2
OG0004757	1	1	2
OG0004758	1	1	2
OG0004759	1	1	2
OG0004760	1	1	2
OG0004761	1	1	2
OG0004762	1	1	2
OG0004763	1	1	2
OG0004764	1	1	2
OG0004765	1	1	2
OG0004766	1	1	2
OG0004767	1	1	2
OG0004768	1	1	2
OG0004769	1	1	2
OG0004770	1	1	2
OG0004771	1	1	2
OG0004772	1	1	2
OG0004773	1	1	2
OG0004774	1	1	2
OG0004775	1	1	2
OG0004776	1	1	2
OG0004777	1	1	2
OG0004778	1	1	2
OG0004779	1	1	2
OG0004780	1	1	2
OG0004781	1	1	2
OG0004782	1	1	2
OG0004783	1	1	2
OG0004784	1	1	2
OG0004785	1	1	2
OG0004786	1	1	2
OG0004787	1	1	2
OG0004788	1	1	2
OG0004789	1	1	2
OG0004790	1	1	2
OG0004791	1	1	2
OG0004792	1	1	2
OG0004793	1	1	2
OG0004794	1	1	2
OG0004795	1	1	2
OG0004796	1	1	2
OG0004797	1	1	2
OG0004798	1	1	2
OG0004799	1	1	2
OG0004800	1	1	2
OG0004801	1	1	2
OG0004802	1	1	2
OG0004803	1	1	2
OG0004804	1	1	2
OG0004805	1	1	2
OG0004806	1	1	2
OG0004807	1	1	2
OG0004808	1	1	2
OG0004809	1	1	2
OG0004810	1	1	2
OG0004811	1	1	2
OG0004812	1	1	2
OG0004813	1	1	2
OG0004814	1	1	2
OG0004815	1	1	2
OG0004816	1	1	2
OG0004817	1	1	2
OG0004818	1	1	2
OG0004819	2	0	2
OG0004820	1	1	2
OG0004821	1	1	2
OG0004822	1	1	2
OG0004823	1	1	2
OG0004824	1	1	2
OG0004825	1	1	2
OG0004826	1	1	2
OG0004827	1	1	2
OG0004828	1	1	2
OG0004829	1	1	2
OG0004830	1	1	2
OG0004831	1	1	2
OG0004832	1	1	2
OG0004833	1	1	2
OG0004834	1	1	2
OG0004835	1	1	2
OG0004836	1	1	2
OG0004837	1	1	2
OG0004838	1	1	2
OG0004839	1	1	2
OG0004840	1	1	2
OG0004841	1	1	2
OG0004842	1	1	2
OG0004843	1	1	2
OG0004844	1	1	2
OG0004845	1	1	2
OG0004846	1	1	2
OG0004847	1	1	2
OG0004848	1	1	2
OG0004849	1	1	2
OG0004850	1	1	2
OG0004851	1	1	2
OG0004852	1	1	2
OG0004853	1	1	2
OG0004854	1	1	2
OG0004855	1	1	2
OG0004856	1	1	2
OG0004857	1	1	2
OG0004858	1	1	2
OG0004859	1	1	2
OG0004860	1	1	2
OG0004861	1	1	2
OG0004862	1	1	2
OG0004863	1	1	2
OG0004864	1	1	2
OG0004865	1	1	2
OG0004866	1	1	2
OG0004867	1	1	2
OG0004868	1	1	2
OG0004869	1	1	2
OG0004870	1	1	2
OG0004871	1	1	2
OG0004872	1	1	2
OG0004873	1	1	2
OG0004874	1	1	2
OG0004875	1	1	2
OG0004876	2	0	2
OG0004877	1	1	2
OG0004878	1	1	2
OG0004879	1	1	2
OG0004880	1	1	2
OG0004881	1	1	2
OG0004882	1	1	2
OG0004883	1	1	2
OG0004884	1	1	2
OG0004885	1	1	2
OG0004886	1	1	2
OG0004887	1	1	2
OG0004888	1	1	2
OG0004889	1	1	2
OG0004890	1	1	2
OG0004891	1	1	2
OG0004892	1	1	2
OG0004893	1	1	2
OG0004894	1	1	2
OG0004895	1	1	2
OG0004896	1	1	2
OG0004897	1	1	2
OG0004898	1	1	2
OG0004899	1	1	2
OG0004900	1	1	2
OG0004901	1	1	2
OG0004902	1	1	2
OG0004903	1	1	2
OG0004904	1	1	2
OG0004905	2	0	2
OG0004906	1	1	2
OG0004907	1	1	2
OG0004908	1	1	2
OG0004909	1	1	2
OG0004910	1	1	2
OG0004911	1	1	2
OG0004912	1	1	2
OG0004913	1	1	2
OG0004914	1	1	2
OG0004915	1	1	2
OG0004916	1	1	2
OG0004917	1	1	2
OG0004918	1	1	2
OG0004919	1	1	2
OG0004920	1	1	2
OG0004921	1	1	2
OG0004922	1	1	2
OG0004923	1	1	2
OG0004924	1	1	2
OG0004925	1	1	2
OG0004926	1	1	2
OG0004927	1	1	2
OG0004928	1	1	2
OG0004929	1	1	2
OG0004930	1	1	2
OG0004931	1	1	2
OG0004932	1	1	2
OG0004933	1	1	2
OG0004934	1	1	2
OG0004935	1	1	2
OG0004936	1	1	2
OG0004937	1	1	2
OG0004938	1	1	2
OG0004939	1	1	2
OG0004940	1	1	2
OG0004941	1	1	2
OG0004942	1	1	2
OG0004943	1	1	2
OG0004944	1	1	2
OG0004945	1	1	2
OG0004946	1	1	2
OG0004947	1	1	2
OG0004948	1	1	2
OG0004949	1	1	2
OG0004950	1	1	2
OG0004951	1	1	2
OG0004952	1	1	2
OG0004953	1	1	2
OG0004954	1	1	2
OG0004955	1	1	2
OG0004956	1	1	2
OG0004957	1	1	2
OG0004958	1	1	2
OG0004959	1	1	2
OG0004960	1	1	2
OG0004961	1	1	2
OG0004962	1	1	2
OG0004963	1	1	2
OG0004964	1	1	2
OG0004965	1	1	2
OG0004966	1	1	2
OG0004967	1	1	2
OG0004968	1	1	2
OG0004969	1	1	2
OG0004970	1	1	2
OG0004971	1	1	2
OG0004972	1	1	2
OG0004973	1	1	2
OG0004974	1	1	2
OG0004975	1	1	2
OG0004976	1	1	2
OG0004977	1	1	2
OG0004978	1	1	2
OG0004979	1	1	2
OG0004980	1	1	2
OG0004981	1	1	2
OG0004982	1	1	2
OG0004983	1	1	2
OG0004984	1	1	2
OG0004985	1	1	2
OG0004986	1	1	2
OG0004987	1	1	2
OG0004988	1	1	2
OG0004989	1	1	2
OG0004990	1	1	2
OG0004991	1	1	2
OG0004992	1	1	2
OG0004993	1	1	2
OG0004994	1	1	2
OG0004995	1	1	2
OG0004996	1	1	2
OG0004997	1	1	2
OG0004998	1	1	2
OG0004999	1	1	2
OG0005000	1	1	2
OG0005001	1	1	2
OG0005002	1	1	2
OG0005003	1	1	2
OG0005004	1	1	2
OG0005005	1	1	2
OG0005006	1	1	2
OG0005007	1	1	2
OG0005008	1	1	2
OG0005009	1	1	2
OG0005010	1	1	2
OG0005011	1	1	2
OG0005012	1	1	2
OG0005013	1	1	2
OG0005014	1	1	2
OG0005015	1	1	2
OG0005016	1	1	2
OG0005017	1	1	2
OG0005018	1	1	2
OG0005019	1	1	2
OG0005020	1	1	2
OG0005021	1	1	2
OG0005022	1	1	2
OG0005023	1	1	2
OG0005024	1	1	2
OG0005025	1	1	2
OG0005026	1	1	2
OG0005027	1	1	2
OG0005028	1	1	2
OG0005029	1	1	2
OG0005030	2	0	2
OG0005031	1	1	2
OG0005032	1	1	2
OG0005033	1	1	2
OG0005034	1	1	2
OG0005035	1	1	2
OG0005036	1	1	2
OG0005037	1	1	2
OG0005038	1	1	2
OG0005039	1	1	2
OG0005040	1	1	2
OG0005041	1	1	2
OG0005042	1	1	2
OG0005043	1	1	2
OG0005044	1	1	2
OG0005045	1	1	2
OG0005046	1	1	2
OG0005047	1	1	2
OG0005048	1	1	2
OG0005049	1	1	2
OG0005050	1	1	2
OG0005051	1	1	2
OG0005052	1	1	2
OG0005053	1	1	2
OG0005054	1	1	2
OG0005055	1	1	2
OG0005056	1	1	2
OG0005057	1	1	2
OG0005058	1	1	2
OG0005059	1	1	2
OG0005060	1	1	2
OG0005061	1	1	2
OG0005062	1	1	2
OG0005063	1	1	2
OG0005064	1	1	2
OG0005065	1	1	2
OG0005066	1	1	2
OG0005067	1	1	2
OG0005068	1	1	2
OG0005069	1	1	2
OG0005070	1	1	2
OG0005071	1	1	2
OG0005072	1	1	2
OG0005073	1	1	2
OG0005074	1	1	2
OG0005075	1	1	2
OG0005076	1	1	2
OG0005077	1	1	2
OG0005078	1	1	2
OG0005079	1	1	2
OG0005080	1	1	2
OG0005081	1	1	2
OG0005082	1	1	2
OG0005083	1	1	2
OG0005084	1	1	2
OG0005085	1	1	2
OG0005086	1	1	2
OG0005087	1	1	2
OG0005088	1	1	2
OG0005089	1	1	2
OG0005090	1	1	2
OG0005091	1	1	2
OG0005092	1	1	2
OG0005093	1	1	2
OG0005094	1	1	2
OG0005095	1	1	2
OG0005096	1	1	2
OG0005097	1	1	2
OG0005098	1	1	2
OG0005099	1	1	2
OG0005100	1	1	2
OG0005101	1	1	2
OG0005102	1	1	2
OG0005103	1	1	2
OG0005104	1	1	2
OG0005105	1	1	2
OG0005106	1	1	2
OG0005107	1	1	2
OG0005108	1	1	2
OG0005109	1	1	2
OG0005110	1	1	2
OG0005111	1	1	2
OG0005112	1	1	2
OG0005113	1	1	2
OG0005114	1	1	2
OG0005115	1	1	2
OG0005116	1	1	2
OG0005117	1	1	2
OG0005118	1	1	2
OG0005119	1	1	2
OG0005120	1	1	2
OG0005121	1	1	2
OG0005122	1	1	2
OG0005123	1	1	2
OG0005124	1	1	2
OG0005125	1	1	2
OG0005126	1	1	2
OG0005127	1	1	2
OG0005128	1	1	2
OG0005129	1	1	2
OG0005130	1	1	2
OG0005131	1	1	2
OG0005132	1	1	2
OG0005133	1	1	2
OG0005134	2	0	2
OG0005135	1	1	2
OG0005136	1	1	2
OG0005137	1	1	2
OG0005138	1	1	2
OG0005139	1	1	2
OG0005140	1	1	2
OG0005141	1	1	2
OG0005142	1	1	2
OG0005143	1	1	2
OG0005144	1	1	2
OG0005145	1	1	2
OG0005146	1	1	2
OG0005147	1	1	2
OG0005148	1	1	2
OG0005149	1	1	2
OG0005150	1	1	2
OG0005151	1	1	2
OG0005152	1	1	2
OG0005153	1	1	2
OG0005154	1	1	2
OG0005155	1	1	2
OG0005156	1	1	2
OG0005157	1	1	2
OG0005158	1	1	2
OG0005159	1	1	2
OG0005160	1	1	2
OG0005161	1	1	2
OG0005162	1	1	2
OG0005163	1	1	2
OG0005164	1	1	2
OG0005165	1	1	2
OG0005166	1	1	2
OG0005167	1	1	2
OG0005168	1	1	2
OG0005169	1	1	2
OG0005170	1	1	2
OG0005171	1	1	2
OG0005172	1	1	2
OG0005173	1	1	2
OG0005174	1	1	2
OG0005175	1	1	2
OG0005176	1	1	2
OG0005177	1	1	2
OG0005178	1	1	2
OG0005179	1	1	2
OG0005180	1	1	2
OG0005181	1	1	2
OG0005182	1	1	2
OG0005183	1	1	2
OG0005184	1	1	2
OG0005185	1	1	2
OG0005186	1	1	2
OG0005187	1	1	2
OG0005188	1	1	2
OG0005189	1	1	2
OG0005190	1	1	2
OG0005191	1	1	2
OG0005192	1	1	2
OG0005193	1	1	2
OG0005194	1	1	2
OG0005195	1	1	2
OG0005196	1	1	2
OG0005197	1	1	2
OG0005198	1	1	2
OG0005199	1	1	2
OG0005200	1	1	2
OG0005201	1	1	2
OG0005202	1	1	2
OG0005203	1	1	2
OG0005204	1	1	2
OG0005205	1	1	2
OG0005206	1	1	2
OG0005207	1	1	2
OG0005208	1	1	2
OG0005209	1	1	2
OG0005210	1	1	2
OG0005211	1	1	2
OG0005212	1	1	2
OG0005213	1	1	2
OG0005214	1	1	2
OG0005215	1	1	2
OG0005216	1	1	2
OG0005217	1	1	2
OG0005218	1	1	2
OG0005219	1	1	2
OG0005220	1	1	2
OG0005221	1	1	2
OG0005222	1	1	2
OG0005223	1	1	2
OG0005224	1	1	2
OG0005225	1	1	2
OG0005226	1	1	2
OG0005227	1	1	2
OG0005228	1	1	2
OG0005229	1	1	2
OG0005230	1	1	2
OG0005231	1	1	2
OG0005232	1	1	2
OG0005233	1	1	2
OG0005234	1	1	2
OG0005235	1	1	2
OG0005236	1	1	2
OG0005237	1	1	2
OG0005238	1	1	2
OG0005239	1	1	2
OG0005240	1	1	2
OG0005241	1	1	2
OG0005242	1	1	2
OG0005243	1	1	2
OG0005244	1	1	2
OG0005245	1	1	2
OG0005246	1	1	2
OG0005247	1	1	2
OG0005248	1	1	2
OG0005249	1	1	2
OG0005250	1	1	2
OG0005251	1	1	2
OG0005252	1	1	2
OG0005253	1	1	2
OG0005254	1	1	2
OG0005255	1	1	2
OG0005256	1	1	2
OG0005257	1	1	2
OG0005258	1	1	2
OG0005259	1	1	2
OG0005260	1	1	2
OG0005261	1	1	2
OG0005262	1	1	2
OG0005263	1	1	2
OG0005264	1	1	2
OG0005265	1	1	2
OG0005266	1	1	2
OG0005267	1	1	2
OG0005268	1	1	2
OG0005269	1	1	2
OG0005270	1	1	2
OG0005271	1	1	2
OG0005272	1	1	2
OG0005273	1	1	2
OG0005274	1	1	2
OG0005275	1	1	2
OG0005276	1	1	2
OG0005277	1	1	2
OG0005278	1	1	2
OG0005279	1	1	2
OG0005280	1	1	2
OG0005281	1	1	2
OG0005282	1	1	2
OG0005283	1	1	2
OG0005284	1	1	2
OG0005285	1	1	2
OG0005286	1	1	2
OG0005287	1	1	2
OG0005288	1	1	2
OG0005289	1	1	2
OG0005290	1	1	2
OG0005291	1	1	2
OG0005292	1	1	2
OG0005293	1	1	2
OG0005294	1	1	2
OG0005295	1	1	2
OG0005296	1	1	2
OG0005297	1	1	2
OG0005298	1	1	2
OG0005299	1	1	2
OG0005300	1	1	2
OG0005301	1	1	2
OG0005302	1	1	2
OG0005303	1	1	2
OG0005304	1	1	2
OG0005305	1	1	2
OG0005306	1	1	2
OG0005307	1	1	2
OG0005308	1	1	2
OG0005309	1	1	2
OG0005310	1	1	2
OG0005311	1	1	2
OG0005312	1	1	2
OG0005313	1	1	2
OG0005314	1	1	2
OG0005315	1	1	2
OG0005316	1	1	2
OG0005317	1	1	2
OG0005318	1	1	2
OG0005319	1	1	2
OG0005320	1	1	2
OG0005321	1	1	2
OG0005322	1	1	2
OG0005323	1	1	2
OG0005324	1	1	2
OG0005325	1	1	2
OG0005326	1	1	2
OG0005327	1	1	2
OG0005328	1	1	2
OG0005329	1	1	2
OG0005330	1	1	2
OG0005331	1	1	2
OG0005332	1	1	2
OG0005333	1	1	2
OG0005334	1	1	2
OG0005335	1	1	2
OG0005336	1	1	2
OG0005337	1	1	2
OG0005338	1	1	2
OG0005339	1	1	2
OG0005340	1	1	2
OG0005341	1	1	2
OG0005342	1	1	2
OG0005343	1	1	2
OG0005344	1	1	2
OG0005345	1	1	2
OG0005346	1	1	2
OG0005347	1	1	2
OG0005348	1	1	2
OG0005349	1	1	2
OG0005350	1	1	2
OG0005351	1	1	2
OG0005352	1	1	2
OG0005353	1	1	2
OG0005354	1	1	2
OG0005355	1	1	2
OG0005356	1	1	2
OG0005357	1	1	2
OG0005358	1	1	2
OG0005359	1	1	2
OG0005360	1	1	2
OG0005361	1	1	2
OG0005362	1	1	2
OG0005363	1	1	2
OG0005364	1	1	2
OG0005365	1	1	2
OG0005366	1	1	2
OG0005367	1	1	2
OG0005368	1	1	2
OG0005369	1	1	2
OG0005370	1	1	2
OG0005371	1	1	2
OG0005372	1	1	2
OG0005373	1	1	2
OG0005374	1	1	2
OG0005375	1	1	2
OG0005376	1	1	2
OG0005377	1	1	2
OG0005378	1	1	2
OG0005379	1	1	2
OG0005380	1	1	2
OG0005381	1	1	2
OG0005382	1	1	2
OG0005383	1	1	2
OG0005384	1	1	2
OG0005385	1	1	2
OG0005386	1	1	2
OG0005387	1	1	2
OG0005388	1	1	2
OG0005389	1	1	2
OG0005390	1	1	2
OG0005391	1	1	2
OG0005392	1	1	2
OG0005393	1	1	2
OG0005394	1	1	2
OG0005395	1	1	2
OG0005396	1	1	2
OG0005397	1	1	2
OG0005398	1	1	2
OG0005399	1	1	2
OG0005400	1	1	2
OG0005401	1	1	2
OG0005402	1	1	2
OG0005403	1	1	2
OG0005404	1	1	2
OG0005405	1	1	2
OG0005406	1	1	2
OG0005407	1	1	2
OG0005408	1	1	2
OG0005409	1	1	2
OG0005410	1	1	2
OG0005411	1	1	2
OG0005412	1	1	2
OG0005413	1	1	2
OG0005414	1	1	2
OG0005415	1	1	2
OG0005416	1	1	2
OG0005417	1	1	2
OG0005418	1	1	2
OG0005419	1	1	2
OG0005420	1	1	2
OG0005421	1	1	2
OG0005422	1	1	2
OG0005423	1	1	2
OG0005424	1	1	2
OG0005425	1	1	2
OG0005426	1	1	2
OG0005427	1	1	2
OG0005428	1	1	2
OG0005429	1	1	2
OG0005430	1	1	2
OG0005431	1	1	2
OG0005432	1	1	2
OG0005433	1	1	2
OG0005434	1	1	2
OG0005435	1	1	2
OG0005436	1	1	2
OG0005437	1	1	2
OG0005438	1	1	2
OG0005439	1	1	2
OG0005440	1	1	2
OG0005441	1	1	2
OG0005442	1	1	2
OG0005443	1	1	2
OG0005444	1	1	2
OG0005445	1	1	2
OG0005446	1	1	2
OG0005447	2	0	2
OG0005448	1	1	2
OG0005449	1	1	2
OG0005450	1	1	2
OG0005451	1	1	2
OG0005452	1	1	2
OG0005453	1	1	2
OG0005454	1	1	2
OG0005455	1	1	2
OG0005456	1	1	2
OG0005457	1	1	2
OG0005458	1	1	2
OG0005459	1	1	2
OG0005460	1	1	2
OG0005461	1	1	2
OG0005462	1	1	2
OG0005463	1	1	2
OG0005464	1	1	2
OG0005465	1	1	2
OG0005466	1	1	2
OG0005467	1	1	2
OG0005468	1	1	2
OG0005469	1	1	2
OG0005470	1	1	2
OG0005471	1	1	2
OG0005472	1	1	2
OG0005473	1	1	2
OG0005474	1	1	2
OG0005475	1	1	2
OG0005476	1	1	2
OG0005477	1	1	2
OG0005478	1	1	2
OG0005479	1	1	2
OG0005480	1	1	2
OG0005481	1	1	2
OG0005482	1	1	2
OG0005483	1	1	2
OG0005484	1	1	2
OG0005485	1	1	2
OG0005486	1	1	2
OG0005487	1	1	2
OG0005488	1	1	2
OG0005489	1	1	2
OG0005490	1	1	2
OG0005491	1	1	2
OG0005492	1	1	2
OG0005493	1	1	2
OG0005494	1	1	2
OG0005495	1	1	2
OG0005496	1	1	2
OG0005497	1	1	2
OG0005498	1	1	2
OG0005499	1	1	2
OG0005500	1	1	2
OG0005501	1	1	2
OG0005502	1	1	2
OG0005503	1	1	2
OG0005504	1	1	2
OG0005505	1	1	2
OG0005506	1	1	2
OG0005507	1	1	2
OG0005508	1	1	2
OG0005509	1	1	2
OG0005510	1	1	2
OG0005511	1	1	2
OG0005512	1	1	2
OG0005513	1	1	2
OG0005514	1	1	2
OG0005515	1	1	2
OG0005516	1	1	2
OG0005517	1	1	2
OG0005518	1	1	2
OG0005519	1	1	2
OG0005520	1	1	2
OG0005521	1	1	2
OG0005522	1	1	2
OG0005523	1	1	2
OG0005524	1	1	2
OG0005525	1	1	2
OG0005526	1	1	2
OG0005527	1	1	2
OG0005528	1	1	2
OG0005529	1	1	2
OG0005530	1	1	2
OG0005531	1	1	2
OG0005532	1	1	2
OG0005533	1	1	2
OG0005534	1	1	2
OG0005535	1	1	2
OG0005536	1	1	2
OG0005537	1	1	2
OG0005538	1	1	2
OG0005539	1	1	2
OG0005540	1	1	2
OG0005541	1	1	2
OG0005542	1	1	2
OG0005543	1	1	2
OG0005544	1	1	2
OG0005545	1	1	2
OG0005546	1	1	2
OG0005547	1	1	2
OG0005548	1	1	2
OG0005549	1	1	2
OG0005550	1	1	2
OG0005551	1	1	2
OG0005552	1	1	2
OG0005553	1	1	2
OG0005554	1	1	2
OG0005555	1	1	2
OG0005556	1	1	2
OG0005557	1	1	2
OG0005558	1	1	2
OG0005559	1	1	2
OG0005560	1	1	2
OG0005561	1	1	2
OG0005562	1	1	2
OG0005563	1	1	2
OG0005564	1	1	2
OG0005565	1	1	2
OG0005566	1	1	2
OG0005567	1	1	2
OG0005568	1	1	2
OG0005569	1	1	2
OG0005570	1	1	2
OG0005571	1	1	2
OG0005572	1	1	2
OG0005573	1	1	2
OG0005574	1	1	2
OG0005575	1	1	2
OG0005576	1	1	2
OG0005577	1	1	2
OG0005578	1	1	2
OG0005579	1	1	2
OG0005580	1	1	2
OG0005581	1	1	2
OG0005582	1	1	2
OG0005583	1	1	2
OG0005584	1	1	2
OG0005585	1	1	2
OG0005586	2	0	2
OG0005587	1	1	2
OG0005588	1	1	2
OG0005589	1	1	2
OG0005590	1	1	2
OG0005591	1	1	2
OG0005592	1	1	2
OG0005593	1	1	2
OG0005594	1	1	2
OG0005595	1	1	2
OG0005596	1	1	2
OG0005597	1	1	2
OG0005598	1	1	2
OG0005599	1	1	2
OG0005600	1	1	2
OG0005601	1	1	2
OG0005602	1	1	2
OG0005603	1	1	2
OG0005604	1	1	2
OG0005605	1	1	2
OG0005606	1	1	2
OG0005607	1	1	2
OG0005608	1	1	2
OG0005609	1	1	2
OG0005610	1	1	2
OG0005611	1	1	2
OG0005612	1	1	2
OG0005613	1	1	2
OG0005614	1	1	2
OG0005615	1	1	2
OG0005616	1	1	2
OG0005617	1	1	2
OG0005618	1	1	2
OG0005619	1	1	2
OG0005620	1	1	2
OG0005621	1	1	2
OG0005622	1	1	2
OG0005623	1	1	2
OG0005624	1	1	2
OG0005625	1	1	2
OG0005626	1	1	2
OG0005627	1	1	2
OG0005628	1	1	2
OG0005629	1	1	2
OG0005630	1	1	2
OG0005631	1	1	2
OG0005632	1	1	2
OG0005633	1	1	2
OG0005634	1	1	2
OG0005635	1	1	2
OG0005636	1	1	2
OG0005637	1	1	2
OG0005638	1	1	2
OG0005639	1	1	2
OG0005640	1	1	2
OG0005641	1	1	2
OG0005642	1	1	2
OG0005643	1	1	2
OG0005644	1	1	2
OG0005645	1	1	2
OG0005646	1	1	2
OG0005647	1	1	2
OG0005648	1	1	2
OG0005649	1	1	2
OG0005650	1	1	2
OG0005651	1	1	2
OG0005652	1	1	2
OG0005653	1	1	2
OG0005654	1	1	2
OG0005655	1	1	2
OG0005656	1	1	2
OG0005657	1	1	2
OG0005658	1	1	2
OG0005659	1	1	2
OG0005660	1	1	2
OG0005661	1	1	2
OG0005662	1	1	2
OG0005663	1	1	2
OG0005664	1	1	2
OG0005665	1	1	2
OG0005666	1	1	2
OG0005667	1	1	2
OG0005668	1	1	2
OG0005669	1	1	2
OG0005670	1	1	2
OG0005671	1	1	2
OG0005672	1	1	2
OG0005673	1	1	2
OG0005674	1	1	2
OG0005675	1	1	2
OG0005676	1	1	2
OG0005677	1	1	2
OG0005678	1	1	2
OG0005679	1	1	2
OG0005680	1	1	2
OG0005681	1	1	2
OG0005682	1	1	2
OG0005683	1	1	2
OG0005684	1	1	2
OG0005685	1	1	2
OG0005686	1	1	2
OG0005687	1	1	2
OG0005688	1	1	2
OG0005689	1	1	2
OG0005690	1	1	2
OG0005691	1	1	2
OG0005692	1	1	2
OG0005693	1	1	2
OG0005694	1	1	2
OG0005695	1	1	2
OG0005696	1	1	2
OG0005697	1	1	2
OG0005698	1	1	2
OG0005699	1	1	2
OG0005700	1	1	2
OG0005701	1	1	2
OG0005702	1	1	2
OG0005703	1	1	2
OG0005704	1	1	2
OG0005705	1	1	2
OG0005706	1	1	2
OG0005707	1	1	2
OG0005708	1	1	2
OG0005709	1	1	2
OG0005710	1	1	2
OG0005711	1	1	2
OG0005712	1	1	2
OG0005713	1	1	2
OG0005714	1	1	2
OG0005715	1	1	2
OG0005716	1	1	2
OG0005717	1	1	2
OG0005718	1	1	2
OG0005719	1	1	2
OG0005720	1	1	2
OG0005721	1	1	2
OG0005722	1	1	2
OG0005723	1	1	2
OG0005724	1	1	2
OG0005725	1	1	2
OG0005726	2	0	2
OG0005727	1	1	2
OG0005728	1	1	2
OG0005729	1	1	2
OG0005730	1	1	2
OG0005731	1	1	2
OG0005732	1	1	2
OG0005733	1	1	2
OG0005734	1	1	2
OG0005735	1	1	2
OG0005736	1	1	2
OG0005737	1	1	2
OG0005738	1	1	2
OG0005739	1	1	2
OG0005740	1	1	2
OG0005741	1	1	2
OG0005742	1	1	2
OG0005743	1	1	2
OG0005744	1	1	2
OG0005745	1	1	2
OG0005746	1	1	2
OG0005747	1	1	2
OG0005748	1	1	2
OG0005749	1	1	2
OG0005750	1	1	2
OG0005751	1	1	2
OG0005752	1	1	2
OG0005753	1	1	2
OG0005754	1	1	2
OG0005755	1	1	2
OG0005756	1	1	2
OG0005757	1	1	2
OG0005758	1	1	2
OG0005759	1	1	2
OG0005760	1	1	2
OG0005761	1	1	2
OG0005762	1	1	2
OG0005763	1	1	2
OG0005764	1	1	2
OG0005765	1	1	2
OG0005766	1	1	2
OG0005767	1	1	2
OG0005768	1	1	2
OG0005769	1	1	2
OG0005770	1	1	2
OG0005771	1	1	2
OG0005772	1	1	2
OG0005773	1	1	2
OG0005774	1	1	2
OG0005775	1	1	2
OG0005776	1	1	2
OG0005777	1	1	2
OG0005778	1	1	2
OG0005779	1	1	2
OG0005780	1	1	2
OG0005781	1	1	2
OG0005782	1	1	2
OG0005783	1	1	2
OG0005784	1	1	2
OG0005785	1	1	2
OG0005786	1	1	2
OG0005787	1	1	2
OG0005788	1	1	2
OG0005789	1	1	2
OG0005790	1	1	2
OG0005791	1	1	2
OG0005792	1	1	2
OG0005793	1	1	2
OG0005794	1	1	2
OG0005795	1	1	2
OG0005796	1	1	2
OG0005797	1	1	2
OG0005798	1	1	2
OG0005799	1	1	2
OG0005800	1	1	2
OG0005801	1	1	2
OG0005802	1	1	2
OG0005803	1	1	2
OG0005804	1	1	2
OG0005805	1	1	2
OG0005806	1	1	2
OG0005807	1	1	2
OG0005808	1	1	2
OG0005809	1	1	2
OG0005810	1	1	2
OG0005811	1	1	2
OG0005812	1	1	2
OG0005813	1	1	2
OG0005814	1	1	2
OG0005815	1	1	2
OG0005816	1	1	2
OG0005817	1	1	2
OG0005818	1	1	2
OG0005819	1	1	2
OG0005820	1	1	2
OG0005821	1	1	2
OG0005822	1	1	2
OG0005823	1	1	2
OG0005824	1	1	2
OG0005825	1	1	2
OG0005826	1	1	2
OG0005827	1	1	2
OG0005828	1	1	2
OG0005829	1	1	2
OG0005830	1	1	2
OG0005831	1	1	2
OG0005832	1	1	2
OG0005833	1	1	2
OG0005834	1	1	2
OG0005835	1	1	2
OG0005836	1	1	2
OG0005837	1	1	2
OG0005838	1	1	2
OG0005839	1	1	2
OG0005840	1	1	2
OG0005841	1	1	2
OG0005842	1	1	2
OG0005843	1	1	2
OG0005844	1	1	2
OG0005845	1	1	2
OG0005846	1	1	2
OG0005847	1	1	2
OG0005848	1	1	2
OG0005849	1	1	2
OG0005850	1	1	2
OG0005851	1	1	2
OG0005852	1	1	2
OG0005853	1	1	2
OG0005854	1	1	2
OG0005855	1	1	2
OG0005856	1	1	2
OG0005857	1	1	2
OG0005858	1	1	2
OG0005859	1	1	2
OG0005860	1	1	2
OG0005861	1	1	2
OG0005862	1	1	2
OG0005863	1	1	2
OG0005864	1	1	2
OG0005865	1	1	2
OG0005866	1	1	2
OG0005867	1	1	2
OG0005868	1	1	2
OG0005869	1	1	2
OG0005870	1	1	2
OG0005871	1	1	2
OG0005872	1	1	2
OG0005873	1	1	2
OG0005874	1	1	2
OG0005875	1	1	2
OG0005876	1	1	2
OG0005877	1	1	2
OG0005878	1	1	2
OG0005879	1	1	2
OG0005880	1	1	2
OG0005881	1	1	2
OG0005882	1	1	2
OG0005883	1	1	2
OG0005884	1	1	2
OG0005885	1	1	2
OG0005886	1	1	2
OG0005887	1	1	2
OG0005888	1	1	2
OG0005889	1	1	2
OG0005890	1	1	2
OG0005891	1	1	2
OG0005892	2	0	2
OG0005893	1	1	2
OG0005894	1	1	2
OG0005895	1	1	2
OG0005896	1	1	2
OG0005897	1	1	2
OG0005898	1	1	2
OG0005899	1	1	2
OG0005900	1	1	2
OG0005901	1	1	2
OG0005902	1	1	2
OG0005903	1	1	2
OG0005904	1	1	2
OG0005905	1	1	2
OG0005906	1	1	2
OG0005907	1	1	2
OG0005908	1	1	2
OG0005909	2	0	2
OG0005910	1	1	2
OG0005911	1	1	2
OG0005912	2	0	2
OG0005913	1	1	2
OG0005914	1	1	2
OG0005915	1	1	2
OG0005916	1	1	2
OG0005917	1	1	2
OG0005918	1	1	2
OG0005919	1	1	2
OG0005920	1	1	2
OG0005921	1	1	2
OG0005922	1	1	2
OG0005923	1	1	2
OG0005924	1	1	2
OG0005925	1	1	2
OG0005926	1	1	2
OG0005927	1	1	2
OG0005928	1	1	2
OG0005929	1	1	2
OG0005930	1	1	2
OG0005931	2	0	2
OG0005932	1	1	2
OG0005933	1	1	2
OG0005934	1	1	2
OG0005935	1	1	2
OG0005936	1	1	2
OG0005937	1	1	2
OG0005938	1	1	2
OG0005939	1	1	2
OG0005940	1	1	2
OG0005941	1	1	2
OG0005942	1	1	2
OG0005943	1	1	2
OG0005944	1	1	2
OG0005945	1	1	2
OG0005946	1	1	2
OG0005947	1	1	2
OG0005948	1	1	2
OG0005949	1	1	2
OG0005950	1	1	2
OG0005951	1	1	2
OG0005952	1	1	2
OG0005953	1	1	2
OG0005954	1	1	2
OG0005955	1	1	2
OG0005956	1	1	2
OG0005957	1	1	2
OG0005958	1	1	2
OG0005959	1	1	2
OG0005960	1	1	2
OG0005961	1	1	2
OG0005962	1	1	2
OG0005963	1	1	2
OG0005964	1	1	2
OG0005965	1	1	2
OG0005966	1	1	2
OG0005967	1	1	2
OG0005968	1	1	2
OG0005969	1	1	2
OG0005970	2	0	2
OG0005971	1	1	2
OG0005972	1	1	2
OG0005973	1	1	2
OG0005974	1	1	2
OG0005975	1	1	2
OG0005976	1	1	2
OG0005977	1	1	2
OG0005978	1	1	2
OG0005979	1	1	2
OG0005980	1	1	2
OG0005981	1	1	2
OG0005982	1	1	2
OG0005983	1	1	2
OG0005984	1	1	2
OG0005985	1	1	2
OG0005986	1	1	2
OG0005987	1	1	2
OG0005988	1	1	2
OG0005989	1	1	2
OG0005990	1	1	2
OG0005991	1	1	2
OG0005992	1	1	2
OG0005993	1	1	2
OG0005994	1	1	2
OG0005995	1	1	2
OG0005996	1	1	2
OG0005997	1	1	2
OG0005998	1	1	2
OG0005999	1	1	2
OG0006000	1	1	2
OG0006001	1	1	2
OG0006002	1	1	2
OG0006003	1	1	2
OG0006004	1	1	2
OG0006005	1	1	2
OG0006006	1	1	2
OG0006007	1	1	2
OG0006008	1	1	2
OG0006009	1	1	2
OG0006010	1	1	2
OG0006011	1	1	2
OG0006012	1	1	2
OG0006013	1	1	2
OG0006014	1	1	2
OG0006015	1	1	2
OG0006016	1	1	2
OG0006017	1	1	2
OG0006018	1	1	2
OG0006019	1	1	2
OG0006020	1	1	2
OG0006021	1	1	2
OG0006022	1	1	2
OG0006023	1	1	2
OG0006024	1	1	2
OG0006025	1	1	2
OG0006026	1	1	2
OG0006027	1	1	2
OG0006028	1	1	2
OG0006029	1	1	2
OG0006030	1	1	2
OG0006031	1	1	2
OG0006032	1	1	2
OG0006033	1	1	2
OG0006034	1	1	2
OG0006035	1	1	2
OG0006036	1	1	2
OG0006037	1	1	2
OG0006038	1	1	2
OG0006039	1	1	2
OG0006040	1	1	2
OG0006041	1	1	2
OG0006042	1	1	2
OG0006043	1	1	2
OG0006044	1	1	2
OG0006045	1	1	2
OG0006046	1	1	2
OG0006047	1	1	2
OG0006048	1	1	2
OG0006049	1	1	2
OG0006050	1	1	2
OG0006051	1	1	2
OG0006052	1	1	2
OG0006053	1	1	2
OG0006054	1	1	2
OG0006055	2	0	2
OG0006056	1	1	2
OG0006057	1	1	2
OG0006058	1	1	2
OG0006059	1	1	2
OG0006060	1	1	2
OG0006061	1	1	2
OG0006062	1	1	2
OG0006063	1	1	2
OG0006064	1	1	2
OG0006065	1	1	2
OG0006066	1	1	2
OG0006067	1	1	2
OG0006068	1	1	2
OG0006069	1	1	2
OG0006070	1	1	2
OG0006071	1	1	2
OG0006072	1	1	2
OG0006073	2	0	2
OG0006074	1	1	2
OG0006075	1	1	2
OG0006076	1	1	2
OG0006077	1	1	2
OG0006078	1	1	2
OG0006079	1	1	2
OG0006080	1	1	2
OG0006081	1	1	2
OG0006082	1	1	2
OG0006083	1	1	2
OG0006084	1	1	2
OG0006085	1	1	2
OG0006086	1	1	2
OG0006087	1	1	2
OG0006088	1	1	2
OG0006089	1	1	2
OG0006090	1	1	2
OG0006091	1	1	2
OG0006092	1	1	2
OG0006093	1	1	2
OG0006094	1	1	2
OG0006095	1	1	2
OG0006096	1	1	2
OG0006097	1	1	2
OG0006098	1	1	2
OG0006099	1	1	2
OG0006100	1	1	2
OG0006101	1	1	2
OG0006102	1	1	2
OG0006103	1	1	2
OG0006104	1	1	2
OG0006105	1	1	2
OG0006106	1	1	2
OG0006107	1	1	2
OG0006108	1	1	2
OG0006109	1	1	2
OG0006110	1	1	2
OG0006111	1	1	2
OG0006112	1	1	2
OG0006113	1	1	2
OG0006114	1	1	2
OG0006115	1	1	2
OG0006116	1	1	2
OG0006117	1	1	2
OG0006118	1	1	2
OG0006119	1	1	2
OG0006120	1	1	2
OG0006121	1	1	2
OG0006122	1	1	2
OG0006123	1	1	2
OG0006124	1	1	2
OG0006125	1	1	2
OG0006126	1	1	2
OG0006127	1	1	2
OG0006128	1	1	2
OG0006129	1	1	2
OG0006130	1	1	2
OG0006131	1	1	2
OG0006132	1	1	2
OG0006133	1	1	2
OG0006134	1	1	2
OG0006135	1	1	2
OG0006136	1	1	2
OG0006137	1	1	2
OG0006138	1	1	2
OG0006139	1	1	2
OG0006140	1	1	2
OG0006141	1	1	2
OG0006142	1	1	2
OG0006143	1	1	2
OG0006144	1	1	2
OG0006145	1	1	2
OG0006146	1	1	2
OG0006147	1	1	2
OG0006148	1	1	2
OG0006149	1	1	2
OG0006150	1	1	2
OG0006151	1	1	2
OG0006152	1	1	2
OG0006153	1	1	2
OG0006154	1	1	2
OG0006155	1	1	2
OG0006156	1	1	2
OG0006157	1	1	2
OG0006158	1	1	2
OG0006159	1	1	2
OG0006160	1	1	2
OG0006161	1	1	2
OG0006162	1	1	2
OG0006163	1	1	2
OG0006164	1	1	2
OG0006165	1	1	2
OG0006166	1	1	2
OG0006167	1	1	2
OG0006168	1	1	2
OG0006169	1	1	2
OG0006170	1	1	2
OG0006171	1	1	2
OG0006172	1	1	2
OG0006173	1	1	2
OG0006174	1	1	2
OG0006175	1	1	2
OG0006176	2	0	2
OG0006177	1	1	2
OG0006178	1	1	2
OG0006179	1	1	2
OG0006180	1	1	2
OG0006181	1	1	2
OG0006182	1	1	2
OG0006183	1	1	2
OG0006184	1	1	2
OG0006185	1	1	2
OG0006186	1	1	2
OG0006187	1	1	2
OG0006188	1	1	2
OG0006189	1	1	2
OG0006190	1	1	2
OG0006191	1	1	2
OG0006192	1	1	2
OG0006193	1	1	2
OG0006194	1	1	2
OG0006195	1	1	2
OG0006196	1	1	2
OG0006197	1	1	2
OG0006198	1	1	2
OG0006199	1	1	2
OG0006200	1	1	2
OG0006201	2	0	2
OG0006202	1	1	2
OG0006203	1	1	2
OG0006204	1	1	2
OG0006205	1	1	2
OG0006206	1	1	2
OG0006207	1	1	2
OG0006208	1	1	2
OG0006209	1	1	2
OG0006210	1	1	2
OG0006211	1	1	2
OG0006212	1	1	2
OG0006213	1	1	2
OG0006214	1	1	2
OG0006215	1	1	2
OG0006216	1	1	2
OG0006217	1	1	2
OG0006218	1	1	2
OG0006219	1	1	2
OG0006220	1	1	2
OG0006221	1	1	2
OG0006222	1	1	2
OG0006223	1	1	2
OG0006224	1	1	2
OG0006225	1	1	2
OG0006226	1	1	2
OG0006227	1	1	2
OG0006228	1	1	2
OG0006229	1	1	2
OG0006230	1	1	2
OG0006231	1	1	2
OG0006232	1	1	2
OG0006233	1	1	2
OG0006234	1	1	2
OG0006235	1	1	2
OG0006236	1	1	2
OG0006237	2	0	2
OG0006238	1	1	2
OG0006239	1	1	2
OG0006240	1	1	2
OG0006241	1	1	2
OG0006242	1	1	2
OG0006243	1	1	2
OG0006244	1	1	2
OG0006245	1	1	2
OG0006246	1	1	2
OG0006247	1	1	2
OG0006248	1	1	2
OG0006249	1	1	2
OG0006250	1	1	2
OG0006251	1	1	2
OG0006252	1	1	2
OG0006253	1	1	2
OG0006254	1	1	2
OG0006255	1	1	2
OG0006256	1	1	2
OG0006257	1	1	2
OG0006258	1	1	2
OG0006259	1	1	2
OG0006260	1	1	2
OG0006261	1	1	2
OG0006262	1	1	2
OG0006263	1	1	2
OG0006264	1	1	2
OG0006265	1	1	2
OG0006266	1	1	2
OG0006267	1	1	2
OG0006268	1	1	2
OG0006269	1	1	2
OG0006270	1	1	2
OG0006271	1	1	2
OG0006272	1	1	2
OG0006273	1	1	2
OG0006274	1	1	2
OG0006275	1	1	2
OG0006276	1	1	2
OG0006277	1	1	2
OG0006278	1	1	2
OG0006279	1	1	2
OG0006280	1	1	2
OG0006281	1	1	2
OG0006282	1	1	2
OG0006283	1	1	2
OG0006284	1	1	2
OG0006285	1	1	2
OG0006286	1	1	2
OG0006287	1	1	2
OG0006288	1	1	2
OG0006289	1	1	2
OG0006290	1	1	2
OG0006291	1	1	2
OG0006292	1	1	2
OG0006293	1	1	2
OG0006294	1	1	2
OG0006295	1	1	2
OG0006296	1	1	2
OG0006297	1	1	2
OG0006298	1	1	2
OG0006299	1	1	2
OG0006300	1	1	2
OG0006301	1	1	2
OG0006302	1	1	2
OG0006303	1	1	2
OG0006304	1	1	2
OG0006305	1	1	2
OG0006306	1	1	2
OG0006307	1	1	2
OG0006308	1	1	2
OG0006309	1	1	2
OG0006310	1	1	2
OG0006311	1	1	2
OG0006312	1	1	2
OG0006313	1	1	2
OG0006314	1	1	2
OG0006315	1	1	2
OG0006316	1	1	2
OG0006317	1	1	2
OG0006318	1	1	2
OG0006319	1	1	2
OG0006320	1	1	2
OG0006321	1	1	2
OG0006322	1	1	2
OG0006323	1	1	2
OG0006324	1	1	2
OG0006325	1	1	2
OG0006326	1	1	2
OG0006327	1	1	2
OG0006328	1	1	2
OG0006329	1	1	2
OG0006330	1	1	2
OG0006331	1	1	2
OG0006332	1	1	2
OG0006333	1	1	2
OG0006334	1	1	2
OG0006335	1	1	2
OG0006336	1	1	2
OG0006337	1	1	2
OG0006338	1	1	2
OG0006339	1	1	2
OG0006340	1	1	2
OG0006341	1	1	2
OG0006342	1	1	2
OG0006343	1	1	2
OG0006344	1	1	2
OG0006345	1	1	2
OG0006346	1	1	2
OG0006347	1	1	2
OG0006348	1	1	2
OG0006349	1	1	2
OG0006350	1	1	2
OG0006351	1	1	2
OG0006352	1	1	2
OG0006353	1	1	2
OG0006354	1	1	2
OG0006355	1	1	2
OG0006356	2	0	2
OG0006357	1	1	2
OG0006358	1	1	2
OG0006359	1	1	2
OG0006360	1	1	2
OG0006361	1	1	2
OG0006362	1	1	2
OG0006363	1	1	2
OG0006364	1	1	2
OG0006365	1	1	2
OG0006366	1	1	2
OG0006367	1	1	2
OG0006368	1	1	2
OG0006369	1	1	2
OG0006370	1	1	2
OG0006371	1	1	2
OG0006372	1	1	2
OG0006373	1	1	2
OG0006374	1	1	2
OG0006375	1	1	2
OG0006376	2	0	2
OG0006377	1	1	2
OG0006378	1	1	2
OG0006379	1	1	2
OG0006380	1	1	2
OG0006381	1	1	2
OG0006382	1	1	2
OG0006383	1	1	2
OG0006384	1	1	2
OG0006385	1	1	2
OG0006386	1	1	2
OG0006387	1	1	2
OG0006388	1	1	2
OG0006389	1	1	2
OG0006390	1	1	2
OG0006391	1	1	2
OG0006392	1	1	2
OG0006393	1	1	2
OG0006394	1	1	2
OG0006395	1	1	2
OG0006396	1	1	2
OG0006397	1	1	2
OG0006398	1	1	2
OG0006399	1	1	2
OG0006400	1	1	2
OG0006401	1	1	2
OG0006402	1	1	2
OG0006403	1	1	2
OG0006404	1	1	2
OG0006405	1	1	2
OG0006406	1	1	2
OG0006407	1	1	2
OG0006408	1	1	2
OG0006409	1	1	2
OG0006410	1	1	2
OG0006411	1	1	2
OG0006412	2	0	2
OG0006413	1	1	2
OG0006414	1	1	2
OG0006415	1	1	2
OG0006416	1	1	2
OG0006417	1	1	2
OG0006418	1	1	2
OG0006419	1	1	2
OG0006420	1	1	2
OG0006421	1	1	2
OG0006422	1	1	2
OG0006423	1	1	2
OG0006424	1	1	2
OG0006425	1	1	2
OG0006426	1	1	2
OG0006427	1	1	2
OG0006428	1	1	2
OG0006429	1	1	2
OG0006430	1	1	2
OG0006431	1	1	2
OG0006432	1	1	2
OG0006433	1	1	2
OG0006434	1	1	2
OG0006435	1	1	2
OG0006436	1	1	2
OG0006437	1	1	2
OG0006438	1	1	2
OG0006439	1	1	2
OG0006440	1	1	2
OG0006441	1	1	2
OG0006442	1	1	2
OG0006443	1	1	2
OG0006444	1	1	2
OG0006445	1	1	2
OG0006446	1	1	2
OG0006447	1	1	2
OG0006448	1	1	2
OG0006449	1	1	2
OG0006450	1	1	2
OG0006451	1	1	2
OG0006452	1	1	2
OG0006453	1	1	2
OG0006454	1	1	2
OG0006455	1	1	2
OG0006456	1	1	2
OG0006457	1	1	2
OG0006458	1	1	2
OG0006459	1	1	2
OG0006460	1	1	2
OG0006461	1	1	2
OG0006462	1	1	2
OG0006463	1	1	2
OG0006464	1	1	2
OG0006465	1	1	2
OG0006466	1	1	2
OG0006467	1	1	2
OG0006468	1	1	2
OG0006469	1	1	2
OG0006470	1	1	2
OG0006471	1	1	2
OG0006472	1	1	2
OG0006473	1	1	2
OG0006474	1	1	2
OG0006475	1	1	2
OG0006476	1	1	2
OG0006477	1	1	2
OG0006478	1	1	2
OG0006479	1	1	2
OG0006480	1	1	2
OG0006481	1	1	2
OG0006482	1	1	2
OG0006483	1	1	2
OG0006484	1	1	2
OG0006485	1	1	2
OG0006486	1	1	2
OG0006487	1	1	2
OG0006488	1	1	2
OG0006489	1	1	2
OG0006490	1	1	2
OG0006491	1	1	2
OG0006492	1	1	2
OG0006493	1	1	2
OG0006494	1	1	2
OG0006495	1	1	2
OG0006496	1	1	2
OG0006497	1	1	2
OG0006498	1	1	2
OG0006499	1	1	2
OG0006500	1	1	2
OG0006501	1	1	2
OG0006502	1	1	2
OG0006503	1	1	2
OG0006504	1	1	2
OG0006505	1	1	2
OG0006506	1	1	2
OG0006507	1	1	2
OG0006508	1	1	2
OG0006509	1	1	2
OG0006510	1	1	2
OG0006511	1	1	2
OG0006512	1	1	2
OG0006513	1	1	2
OG0006514	1	1	2
OG0006515	1	1	2
OG0006516	1	1	2
OG0006517	1	1	2
OG0006518	1	1	2
OG0006519	1	1	2
OG0006520	1	1	2
OG0006521	1	1	2
OG0006522	1	1	2
OG0006523	1	1	2
OG0006524	1	1	2
OG0006525	1	1	2
OG0006526	1	1	2
OG0006527	1	1	2
OG0006528	1	1	2
OG0006529	1	1	2
OG0006530	1	1	2
OG0006531	1	1	2
OG0006532	1	1	2
OG0006533	1	1	2
OG0006534	1	1	2
OG0006535	1	1	2
OG0006536	1	1	2
OG0006537	1	1	2
OG0006538	1	1	2
OG0006539	1	1	2
OG0006540	1	1	2
OG0006541	1	1	2
OG0006542	1	1	2
OG0006543	1	1	2
OG0006544	1	1	2
OG0006545	1	1	2
OG0006546	1	1	2
OG0006547	1	1	2
OG0006548	1	1	2
OG0006549	1	1	2
OG0006550	1	1	2
OG0006551	1	1	2
OG0006552	1	1	2
OG0006553	1	1	2
OG0006554	1	1	2
OG0006555	1	1	2
OG0006556	1	1	2
OG0006557	1	1	2
OG0006558	1	1	2
OG0006559	1	1	2
OG0006560	1	1	2
OG0006561	1	1	2
OG0006562	1	1	2
OG0006563	1	1	2
OG0006564	1	1	2
OG0006565	1	1	2
OG0006566	1	1	2
OG0006567	1	1	2
OG0006568	1	1	2
OG0006569	1	1	2
OG0006570	1	1	2
OG0006571	1	1	2
OG0006572	1	1	2
OG0006573	1	1	2
OG0006574	1	1	2
OG0006575	1	1	2
OG0006576	1	1	2
OG0006577	1	1	2
OG0006578	1	1	2
OG0006579	1	1	2
OG0006580	1	1	2
OG0006581	1	1	2
OG0006582	1	1	2
OG0006583	1	1	2
OG0006584	1	1	2
OG0006585	1	1	2
OG0006586	1	1	2
OG0006587	1	1	2
OG0006588	1	1	2
OG0006589	1	1	2
OG0006590	1	1	2
OG0006591	1	1	2
OG0006592	1	1	2
OG0006593	1	1	2
OG0006594	1	1	2
OG0006595	1	1	2
OG0006596	1	1	2
OG0006597	1	1	2
OG0006598	1	1	2
OG0006599	1	1	2
OG0006600	1	1	2
OG0006601	1	1	2
OG0006602	1	1	2
OG0006603	1	1	2
OG0006604	1	1	2
OG0006605	1	1	2
OG0006606	1	1	2
OG0006607	1	1	2
OG0006608	1	1	2
OG0006609	1	1	2
OG0006610	1	1	2
OG0006611	1	1	2
OG0006612	1	1	2
OG0006613	1	1	2
OG0006614	1	1	2
OG0006615	1	1	2
OG0006616	1	1	2
OG0006617	1	1	2
OG0006618	1	1	2
OG0006619	1	1	2
OG0006620	1	1	2
OG0006621	1	1	2
OG0006622	1	1	2
OG0006623	1	1	2
OG0006624	1	1	2
OG0006625	1	1	2
OG0006626	1	1	2
OG0006627	1	1	2
OG0006628	1	1	2
OG0006629	1	1	2
OG0006630	1	1	2
OG0006631	1	1	2
OG0006632	1	1	2
OG0006633	1	1	2
OG0006634	1	1	2
OG0006635	1	1	2
OG0006636	1	1	2
OG0006637	1	1	2
OG0006638	1	1	2
OG0006639	1	1	2
OG0006640	1	1	2
OG0006641	1	1	2
OG0006642	1	1	2
OG0006643	1	1	2
OG0006644	1	1	2
OG0006645	1	1	2
OG0006646	1	1	2
OG0006647	1	1	2
OG0006648	1	1	2
OG0006649	1	1	2
OG0006650	1	1	2
OG0006651	1	1	2
OG0006652	1	1	2
OG0006653	1	1	2
OG0006654	1	1	2
OG0006655	1	1	2
OG0006656	1	1	2
OG0006657	1	1	2
OG0006658	1	1	2
OG0006659	1	1	2
OG0006660	1	1	2
OG0006661	1	1	2
OG0006662	1	1	2
OG0006663	1	1	2
OG0006664	1	1	2
OG0006665	1	1	2
OG0006666	1	1	2
OG0006667	1	1	2
OG0006668	1	1	2
OG0006669	1	1	2
OG0006670	1	1	2
OG0006671	1	1	2
OG0006672	1	1	2
OG0006673	1	1	2
OG0006674	1	1	2
OG0006675	1	1	2
OG0006676	1	1	2
OG0006677	1	1	2
OG0006678	1	1	2
OG0006679	1	1	2
OG0006680	1	1	2
OG0006681	1	1	2
OG0006682	1	1	2
OG0006683	1	1	2
OG0006684	1	1	2
OG0006685	1	1	2
OG0006686	1	1	2
OG0006687	1	1	2
OG0006688	1	1	2
OG0006689	1	1	2
OG0006690	1	1	2
OG0006691	1	1	2
OG0006692	1	1	2
OG0006693	1	1	2
OG0006694	1	1	2
OG0006695	1	1	2
OG0006696	1	1	2
OG0006697	1	1	2
OG0006698	1	1	2
OG0006699	1	1	2
OG0006700	1	1	2
OG0006701	1	1	2
OG0006702	1	1	2
OG0006703	1	1	2
OG0006704	1	1	2
OG0006705	1	1	2
OG0006706	1	1	2
OG0006707	1	1	2
OG0006708	1	1	2
OG0006709	1	1	2
OG0006710	1	1	2
OG0006711	1	1	2
OG0006712	1	1	2
OG0006713	1	1	2
OG0006714	1	1	2
OG0006715	1	1	2
OG0006716	1	1	2
OG0006717	1	1	2
OG0006718	1	1	2
OG0006719	1	1	2
OG0006720	1	1	2
OG0006721	1	1	2
OG0006722	1	1	2
OG0006723	1	1	2
OG0006724	1	1	2
OG0006725	1	1	2
OG0006726	1	1	2
OG0006727	1	1	2
OG0006728	1	1	2
OG0006729	1	1	2
OG0006730	1	1	2
OG0006731	1	1	2
OG0006732	1	1	2
OG0006733	1	1	2
OG0006734	1	1	2
OG0006735	1	1	2
OG0006736	1	1	2
OG0006737	1	1	2
OG0006738	1	1	2
OG0006739	1	1	2
OG0006740	1	1	2
OG0006741	1	1	2
OG0006742	1	1	2
OG0006743	1	1	2
OG0006744	1	1	2
OG0006745	1	1	2
OG0006746	1	1	2
OG0006747	1	1	2
OG0006748	1	1	2
OG0006749	1	1	2
OG0006750	1	1	2
OG0006751	1	1	2
OG0006752	1	1	2
OG0006753	1	1	2
OG0006754	1	1	2
OG0006755	1	1	2
OG0006756	1	1	2
OG0006757	1	1	2
OG0006758	1	1	2
OG0006759	1	1	2
OG0006760	1	1	2
OG0006761	1	1	2
OG0006762	1	1	2
OG0006763	1	1	2
OG0006764	1	1	2
OG0006765	1	1	2
OG0006766	1	1	2
OG0006767	1	1	2
OG0006768	1	1	2
OG0006769	1	1	2
OG0006770	2	0	2
OG0006771	1	1	2
OG0006772	1	1	2
OG0006773	1	1	2
OG0006774	1	1	2
OG0006775	1	1	2
OG0006776	1	1	2
OG0006777	1	1	2
OG0006778	1	1	2
OG0006779	1	1	2
OG0006780	1	1	2
OG0006781	1	1	2
OG0006782	1	1	2
OG0006783	1	1	2
OG0006784	1	1	2
OG0006785	1	1	2
OG0006786	1	1	2
OG0006787	1	1	2
OG0006788	1	1	2
OG0006789	1	1	2
OG0006790	1	1	2
OG0006791	1	1	2
OG0006792	1	1	2
OG0006793	1	1	2
OG0006794	1	1	2
OG0006795	1	1	2
OG0006796	1	1	2
OG0006797	1	1	2
OG0006798	1	1	2
OG0006799	1	1	2
OG0006800	1	1	2
OG0006801	1	1	2
OG0006802	1	1	2
OG0006803	1	1	2
OG0006804	1	1	2
OG0006805	1	1	2
OG0006806	1	1	2
OG0006807	1	1	2
OG0006808	1	1	2
OG0006809	1	1	2
OG0006810	1	1	2
OG0006811	1	1	2
OG0006812	1	1	2
OG0006813	1	1	2
OG0006814	1	1	2
OG0006815	1	1	2
OG0006816	1	1	2
OG0006817	1	1	2
OG0006818	1	1	2
OG0006819	1	1	2
OG0006820	1	1	2
OG0006821	1	1	2
OG0006822	1	1	2
OG0006823	1	1	2
OG0006824	1	1	2
OG0006825	1	1	2
OG0006826	1	1	2
OG0006827	1	1	2
OG0006828	1	1	2
OG0006829	1	1	2
OG0006830	1	1	2
OG0006831	1	1	2
OG0006832	1	1	2
OG0006833	1	1	2
OG0006834	1	1	2
OG0006835	1	1	2
OG0006836	1	1	2
OG0006837	1	1	2
OG0006838	1	1	2
OG0006839	1	1	2
OG0006840	1	1	2
OG0006841	1	1	2
OG0006842	1	1	2
OG0006843	1	1	2
OG0006844	1	1	2
OG0006845	1	1	2
OG0006846	1	1	2
OG0006847	1	1	2
OG0006848	1	1	2
OG0006849	1	1	2
OG0006850	1	1	2
OG0006851	1	1	2
OG0006852	1	1	2
OG0006853	1	1	2
OG0006854	1	1	2
OG0006855	1	1	2
OG0006856	1	1	2
OG0006857	1	1	2
OG0006858	1	1	2
OG0006859	1	1	2
OG0006860	1	1	2
OG0006861	1	1	2
OG0006862	1	1	2
OG0006863	1	1	2
OG0006864	1	1	2
OG0006865	1	1	2
OG0006866	1	1	2
OG0006867	1	1	2
OG0006868	1	1	2
OG0006869	1	1	2
OG0006870	1	1	2
OG0006871	1	1	2
OG0006872	1	1	2
OG0006873	1	1	2
OG0006874	1	1	2
OG0006875	1	1	2
OG0006876	1	1	2
OG0006877	2	0	2
OG0006878	1	1	2
OG0006879	1	1	2
OG0006880	1	1	2
OG0006881	1	1	2
OG0006882	1	1	2
OG0006883	1	1	2
OG0006884	1	1	2
OG0006885	1	1	2
OG0006886	1	1	2
OG0006887	1	1	2
OG0006888	1	1	2
OG0006889	1	1	2
OG0006890	1	1	2
OG0006891	1	1	2
OG0006892	1	1	2
OG0006893	1	1	2
OG0006894	1	1	2
OG0006895	1	1	2
OG0006896	1	1	2
OG0006897	1	1	2
OG0006898	1	1	2
OG0006899	1	1	2
OG0006900	1	1	2
OG0006901	1	1	2
OG0006902	1	1	2
OG0006903	1	1	2
OG0006904	1	1	2
OG0006905	1	1	2
OG0006906	1	1	2
OG0006907	1	1	2
OG0006908	1	1	2
OG0006909	1	1	2
OG0006910	1	1	2
OG0006911	1	1	2
OG0006912	1	1	2
OG0006913	1	1	2
OG0006914	1	1	2
OG0006915	1	1	2
OG0006916	1	1	2
OG0006917	1	1	2
OG0006918	1	1	2
OG0006919	1	1	2
OG0006920	1	1	2
OG0006921	1	1	2
OG0006922	1	1	2
OG0006923	1	1	2
OG0006924	1	1	2
OG0006925	1	1	2
OG0006926	1	1	2
OG0006927	1	1	2
OG0006928	1	1	2
OG0006929	1	1	2
OG0006930	1	1	2
OG0006931	1	1	2
OG0006932	1	1	2
OG0006933	1	1	2
OG0006934	1	1	2
OG0006935	1	1	2
OG0006936	1	1	2
OG0006937	1	1	2
OG0006938	1	1	2
OG0006939	1	1	2
OG0006940	1	1	2
OG0006941	1	1	2
OG0006942	1	1	2
OG0006943	1	1	2
OG0006944	1	1	2
OG0006945	1	1	2
OG0006946	1	1	2
OG0006947	1	1	2
OG0006948	1	1	2
OG0006949	1	1	2
OG0006950	1	1	2
OG0006951	1	1	2
OG0006952	1	1	2
OG0006953	1	1	2
OG0006954	1	1	2
OG0006955	1	1	2
OG0006956	1	1	2
OG0006957	1	1	2
OG0006958	1	1	2
OG0006959	1	1	2
OG0006960	1	1	2
OG0006961	1	1	2
OG0006962	1	1	2
OG0006963	1	1	2
OG0006964	1	1	2
OG0006965	1	1	2
OG0006966	1	1	2
OG0006967	1	1	2
OG0006968	1	1	2
OG0006969	1	1	2
OG0006970	1	1	2
OG0006971	1	1	2
OG0006972	1	1	2
OG0006973	1	1	2
OG0006974	1	1	2
OG0006975	1	1	2
OG0006976	1	1	2
OG0006977	1	1	2
OG0006978	1	1	2
OG0006979	1	1	2
OG0006980	1	1	2
OG0006981	1	1	2
OG0006982	1	1	2
OG0006983	1	1	2
OG0006984	1	1	2
OG0006985	1	1	2
OG0006986	1	1	2
OG0006987	1	1	2
OG0006988	1	1	2
OG0006989	1	1	2
OG0006990	1	1	2
OG0006991	1	1	2
OG0006992	1	1	2
OG0006993	1	1	2
OG0006994	2	0	2
OG0006995	1	1	2
OG0006996	1	1	2
OG0006997	1	1	2
OG0006998	1	1	2
OG0006999	1	1	2
OG0007000	1	1	2
OG0007001	1	1	2
OG0007002	1	1	2
OG0007003	1	1	2
OG0007004	1	1	2
OG0007005	1	1	2
OG0007006	1	1	2
OG0007007	1	1	2
OG0007008	1	1	2
OG0007009	1	1	2
OG0007010	1	1	2
OG0007011	1	1	2
OG0007012	1	1	2
OG0007013	1	1	2
OG0007014	1	1	2
OG0007015	1	1	2
OG0007016	1	1	2
OG0007017	1	1	2
OG0007018	1	1	2
OG0007019	1	1	2
OG0007020	1	1	2
OG0007021	1	1	2
OG0007022	1	1	2
OG0007023	1	1	2
OG0007024	1	1	2
OG0007025	1	1	2
OG0007026	1	1	2
OG0007027	1	1	2
OG0007028	1	1	2
OG0007029	1	1	2
OG0007030	1	1	2
OG0007031	1	1	2
OG0007032	1	1	2
OG0007033	1	1	2
OG0007034	1	1	2
OG0007035	1	1	2
OG0007036	1	1	2
OG0007037	1	1	2
OG0007038	1	1	2
OG0007039	1	1	2
OG0007040	1	1	2
OG0007041	1	1	2
OG0007042	1	1	2
OG0007043	1	1	2
OG0007044	1	1	2
OG0007045	1	1	2
OG0007046	1	1	2
OG0007047	1	1	2
OG0007048	1	1	2
OG0007049	1	1	2
OG0007050	1	1	2
OG0007051	1	1	2
OG0007052	1	1	2
OG0007053	1	1	2
OG0007054	1	1	2
OG0007055	1	1	2
OG0007056	1	1	2
OG0007057	1	1	2
OG0007058	1	1	2
OG0007059	1	1	2
OG0007060	1	1	2
OG0007061	1	1	2
OG0007062	1	1	2
OG0007063	1	1	2
OG0007064	1	1	2
OG0007065	1	1	2
OG0007066	1	1	2
OG0007067	1	1	2
OG0007068	1	1	2
OG0007069	1	1	2
OG0007070	1	1	2
OG0007071	1	1	2
OG0007072	1	1	2
OG0007073	1	1	2
OG0007074	1	1	2
OG0007075	1	1	2
OG0007076	1	1	2
OG0007077	1	1	2
OG0007078	1	1	2
OG0007079	1	1	2
OG0007080	1	1	2
OG0007081	1	1	2
OG0007082	1	1	2
OG0007083	1	1	2
OG0007084	1	1	2
OG0007085	1	1	2
OG0007086	1	1	2
OG0007087	1	1	2
OG0007088	1	1	2
OG0007089	1	1	2
OG0007090	1	1	2
OG0007091	1	1	2
OG0007092	1	1	2
OG0007093	1	1	2
OG0007094	1	1	2
OG0007095	1	1	2
OG0007096	1	1	2
OG0007097	1	1	2
OG0007098	1	1	2
OG0007099	1	1	2
OG0007100	1	1	2
OG0007101	1	1	2
OG0007102	1	1	2
OG0007103	1	1	2
OG0007104	1	1	2
OG0007105	1	1	2
OG0007106	1	1	2
OG0007107	1	1	2
OG0007108	1	1	2
OG0007109	1	1	2
OG0007110	1	1	2
OG0007111	1	1	2
OG0007112	1	1	2
OG0007113	1	1	2
OG0007114	1	1	2
OG0007115	1	1	2
OG0007116	1	1	2
OG0007117	1	1	2
OG0007118	1	1	2
OG0007119	1	1	2
OG0007120	1	1	2
OG0007121	1	1	2
OG0007122	1	1	2
OG0007123	1	1	2
OG0007124	1	1	2
OG0007125	1	1	2
OG0007126	1	1	2
OG0007127	1	1	2
OG0007128	1	1	2
OG0007129	1	1	2
OG0007130	1	1	2
OG0007131	1	1	2
OG0007132	1	1	2
OG0007133	1	1	2
OG0007134	1	1	2
OG0007135	1	1	2
OG0007136	1	1	2
OG0007137	1	1	2
OG0007138	1	1	2
OG0007139	1	1	2
OG0007140	1	1	2
OG0007141	1	1	2
OG0007142	1	1	2
OG0007143	1	1	2
OG0007144	1	1	2
OG0007145	1	1	2
OG0007146	1	1	2
OG0007147	1	1	2
OG0007148	1	1	2
OG0007149	1	1	2
OG0007150	1	1	2
OG0007151	1	1	2
OG0007152	1	1	2
OG0007153	1	1	2
OG0007154	1	1	2
OG0007155	1	1	2
OG0007156	1	1	2
OG0007157	1	1	2
OG0007158	1	1	2
OG0007159	1	1	2
OG0007160	1	1	2
OG0007161	1	1	2
OG0007162	1	1	2
OG0007163	1	1	2
OG0007164	1	1	2
OG0007165	1	1	2
OG0007166	1	1	2
OG0007167	1	1	2
OG0007168	1	1	2
OG0007169	1	1	2
OG0007170	1	1	2
OG0007171	1	1	2
OG0007172	1	1	2
OG0007173	1	1	2
OG0007174	1	1	2
OG0007175	1	1	2
OG0007176	1	1	2
OG0007177	1	1	2
OG0007178	1	1	2
OG0007179	1	1	2
OG0007180	1	1	2
OG0007181	1	1	2
OG0007182	1	1	2
OG0007183	1	1	2
OG0007184	1	1	2
OG0007185	1	1	2
OG0007186	1	1	2
OG0007187	1	1	2
OG0007188	1	1	2
OG0007189	1	1	2
OG0007190	1	1	2
OG0007191	1	1	2
OG0007192	1	1	2
OG0007193	1	1	2
OG0007194	1	1	2
OG0007195	1	1	2
OG0007196	1	1	2
OG0007197	1	1	2
OG0007198	1	1	2
OG0007199	1	1	2
OG0007200	1	1	2
OG0007201	1	1	2
OG0007202	1	1	2
OG0007203	1	1	2
OG0007204	1	1	2
OG0007205	1	1	2
OG0007206	1	1	2
OG0007207	1	1	2
OG0007208	1	1	2
OG0007209	1	1	2
OG0007210	1	1	2
OG0007211	1	1	2
OG0007212	1	1	2
OG0007213	1	1	2
OG0007214	1	1	2
OG0007215	1	1	2
OG0007216	1	1	2
OG0007217	1	1	2
OG0007218	1	1	2
OG0007219	1	1	2
OG0007220	1	1	2
OG0007221	1	1	2
OG0007222	1	1	2
OG0007223	1	1	2
OG0007224	1	1	2
OG0007225	1	1	2
OG0007226	1	1	2
OG0007227	1	1	2
OG0007228	1	1	2
OG0007229	1	1	2
OG0007230	1	1	2
OG0007231	1	1	2
OG0007232	1	1	2
OG0007233	1	1	2
OG0007234	1	1	2
OG0007235	1	1	2
OG0007236	1	1	2
OG0007237	1	1	2
OG0007238	1	1	2
OG0007239	1	1	2
OG0007240	1	1	2
OG0007241	1	1	2
OG0007242	1	1	2
OG0007243	1	1	2
OG0007244	1	1	2
OG0007245	1	1	2
OG0007246	1	1	2
OG0007247	1	1	2
OG0007248	1	1	2
OG0007249	1	1	2
OG0007250	1	1	2
OG0007251	1	1	2
OG0007252	1	1	2
OG0007253	1	1	2
OG0007254	1	1	2
OG0007255	1	1	2
OG0007256	1	1	2
OG0007257	1	1	2
OG0007258	1	1	2
OG0007259	1	1	2
OG0007260	1	1	2
OG0007261	1	1	2
OG0007262	1	1	2
OG0007263	1	1	2
OG0007264	1	1	2
OG0007265	1	1	2
OG0007266	1	1	2
OG0007267	1	1	2
OG0007268	1	1	2
OG0007269	1	1	2
OG0007270	1	1	2
OG0007271	1	1	2
OG0007272	1	1	2
OG0007273	2	0	2
OG0007274	1	1	2
OG0007275	1	1	2
OG0007276	1	1	2
OG0007277	1	1	2
OG0007278	1	1	2
OG0007279	1	1	2
OG0007280	1	1	2
OG0007281	1	1	2
OG0007282	1	1	2
OG0007283	1	1	2
OG0007284	1	1	2
OG0007285	1	1	2
OG0007286	1	1	2
OG0007287	1	1	2
OG0007288	1	1	2
OG0007289	1	1	2
OG0007290	1	1	2
OG0007291	1	1	2
OG0007292	1	1	2
OG0007293	1	1	2
OG0007294	1	1	2
OG0007295	1	1	2
OG0007296	1	1	2
OG0007297	1	1	2
OG0007298	1	1	2
OG0007299	1	1	2
OG0007300	1	1	2
OG0007301	1	1	2
OG0007302	1	1	2
OG0007303	1	1	2
OG0007304	1	1	2
OG0007305	1	1	2
OG0007306	1	1	2
OG0007307	1	1	2
OG0007308	1	1	2
OG0007309	1	1	2
OG0007310	1	1	2
OG0007311	1	1	2
OG0007312	1	1	2
OG0007313	1	1	2
OG0007314	1	1	2
OG0007315	1	1	2
OG0007316	1	1	2
OG0007317	1	1	2
OG0007318	1	1	2
OG0007319	1	1	2
OG0007320	1	1	2
OG0007321	1	1	2
OG0007322	1	1	2
OG0007323	1	1	2
OG0007324	1	1	2
OG0007325	1	1	2
OG0007326	1	1	2
OG0007327	1	1	2
OG0007328	1	1	2
OG0007329	1	1	2
OG0007330	1	1	2
OG0007331	1	1	2
OG0007332	1	1	2
OG0007333	1	1	2
OG0007334	1	1	2
OG0007335	1	1	2
OG0007336	1	1	2
OG0007337	1	1	2
OG0007338	1	1	2
OG0007339	1	1	2
OG0007340	1	1	2
OG0007341	1	1	2
OG0007342	1	1	2
OG0007343	1	1	2
OG0007344	1	1	2
OG0007345	1	1	2
OG0007346	1	1	2
OG0007347	1	1	2
OG0007348	1	1	2
OG0007349	1	1	2
OG0007350	1	1	2
OG0007351	1	1	2
OG0007352	1	1	2
OG0007353	1	1	2
OG0007354	1	1	2
OG0007355	1	1	2
OG0007356	1	1	2
OG0007357	1	1	2
OG0007358	2	0	2
OG0007359	1	1	2
OG0007360	1	1	2
OG0007361	1	1	2
OG0007362	1	1	2
OG0007363	1	1	2
OG0007364	1	1	2
OG0007365	1	1	2
OG0007366	1	1	2
OG0007367	1	1	2
OG0007368	1	1	2
OG0007369	1	1	2
OG0007370	1	1	2
OG0007371	1	1	2
OG0007372	1	1	2
OG0007373	1	1	2
OG0007374	1	1	2
OG0007375	1	1	2
OG0007376	1	1	2
OG0007377	1	1	2
OG0007378	1	1	2
OG0007379	1	1	2
OG0007380	1	1	2
OG0007381	1	1	2
OG0007382	1	1	2
OG0007383	1	1	2
OG0007384	1	1	2
OG0007385	1	1	2
OG0007386	1	1	2
OG0007387	1	1	2
OG0007388	1	1	2
OG0007389	1	1	2
OG0007390	1	1	2
OG0007391	1	1	2
OG0007392	1	1	2
OG0007393	1	1	2
OG0007394	1	1	2
OG0007395	1	1	2
OG0007396	1	1	2
OG0007397	1	1	2
OG0007398	1	1	2
OG0007399	1	1	2
OG0007400	1	1	2
OG0007401	1	1	2
OG0007402	1	1	2
OG0007403	1	1	2
OG0007404	1	1	2
OG0007405	1	1	2
OG0007406	1	1	2
OG0007407	1	1	2
OG0007408	1	1	2
OG0007409	1	1	2
OG0007410	1	1	2
OG0007411	1	1	2
OG0007412	1	1	2
OG0007413	1	1	2
OG0007414	1	1	2
OG0007415	1	1	2
OG0007416	1	1	2
OG0007417	1	1	2
OG0007418	1	1	2
OG0007419	1	1	2
OG0007420	1	1	2
OG0007421	1	1	2
OG0007422	1	1	2
OG0007423	1	1	2
OG0007424	1	1	2
OG0007425	1	1	2
OG0007426	1	1	2
OG0007427	1	1	2
OG0007428	1	1	2
OG0007429	1	1	2
OG0007430	1	1	2
OG0007431	1	1	2
OG0007432	1	1	2
OG0007433	1	1	2
OG0007434	1	1	2
OG0007435	1	1	2
OG0007436	1	1	2
OG0007437	1	1	2
OG0007438	1	1	2
OG0007439	1	1	2
OG0007440	1	1	2
OG0007441	1	1	2
OG0007442	1	1	2
OG0007443	1	1	2
OG0007444	1	1	2
OG0007445	1	1	2
OG0007446	1	1	2
OG0007447	1	1	2
OG0007448	1	1	2
OG0007449	1	1	2
OG0007450	1	1	2
OG0007451	1	1	2
OG0007452	1	1	2
OG0007453	1	1	2
OG0007454	1	1	2
OG0007455	1	1	2
OG0007456	1	1	2
OG0007457	1	1	2
OG0007458	1	1	2
OG0007459	1	1	2
OG0007460	1	1	2
OG0007461	1	1	2
OG0007462	1	1	2
OG0007463	1	1	2
OG0007464	1	1	2
OG0007465	1	1	2
OG0007466	1	1	2
OG0007467	1	1	2
OG0007468	1	1	2
OG0007469	1	1	2
OG0007470	1	1	2
OG0007471	1	1	2
OG0007472	1	1	2
OG0007473	1	1	2
OG0007474	1	1	2
OG0007475	1	1	2
OG0007476	1	1	2
OG0007477	1	1	2
OG0007478	1	1	2
OG0007479	1	1	2
OG0007480	1	1	2
OG0007481	1	1	2
OG0007482	1	1	2
OG0007483	1	1	2
OG0007484	1	1	2
OG0007485	1	1	2
OG0007486	1	1	2
OG0007487	1	1	2
OG0007488	1	1	2
OG0007489	1	1	2
OG0007490	1	1	2
OG0007491	1	1	2
OG0007492	1	1	2
OG0007493	1	1	2
OG0007494	1	1	2
OG0007495	1	1	2
OG0007496	1	1	2
OG0007497	1	1	2
OG0007498	1	1	2
OG0007499	1	1	2
OG0007500	1	1	2
OG0007501	1	1	2
OG0007502	1	1	2
OG0007503	1	1	2
OG0007504	1	1	2
OG0007505	1	1	2
OG0007506	1	1	2
OG0007507	1	1	2
OG0007508	1	1	2
OG0007509	1	1	2
OG0007510	1	1	2
OG0007511	1	1	2
OG0007512	1	1	2
OG0007513	1	1	2
OG0007514	1	1	2
OG0007515	1	1	2
OG0007516	1	1	2
OG0007517	1	1	2
OG0007518	1	1	2
OG0007519	1	1	2
OG0007520	1	1	2
OG0007521	1	1	2
OG0007522	1	1	2
OG0007523	1	1	2
OG0007524	1	1	2
OG0007525	1	1	2
OG0007526	1	1	2
OG0007527	1	1	2
OG0007528	1	1	2
OG0007529	1	1	2
OG0007530	1	1	2
OG0007531	1	1	2
OG0007532	1	1	2
OG0007533	1	1	2
OG0007534	1	1	2
OG0007535	1	1	2
OG0007536	1	1	2
OG0007537	1	1	2
OG0007538	1	1	2
OG0007539	1	1	2
OG0007540	1	1	2
OG0007541	1	1	2
OG0007542	1	1	2
OG0007543	1	1	2
OG0007544	1	1	2
OG0007545	1	1	2
OG0007546	1	1	2
OG0007547	1	1	2
OG0007548	1	1	2
OG0007549	1	1	2
OG0007550	1	1	2
OG0007551	1	1	2
OG0007552	1	1	2
OG0007553	1	1	2
OG0007554	1	1	2
OG0007555	1	1	2
OG0007556	1	1	2
OG0007557	1	1	2
OG0007558	1	1	2
OG0007559	1	1	2
OG0007560	1	1	2
OG0007561	1	1	2
OG0007562	1	1	2
OG0007563	1	1	2
OG0007564	1	1	2
OG0007565	1	1	2
OG0007566	1	1	2
OG0007567	1	1	2
OG0007568	1	1	2
OG0007569	1	1	2
OG0007570	1	1	2
OG0007571	1	1	2
OG0007572	1	1	2
OG0007573	1	1	2
OG0007574	1	1	2
OG0007575	1	1	2
OG0007576	1	1	2
OG0007577	1	1	2
OG0007578	1	1	2
OG0007579	1	1	2
OG0007580	1	1	2
OG0007581	1	1	2
OG0007582	1	1	2
OG0007583	1	1	2
OG0007584	1	1	2
OG0007585	1	1	2
OG0007586	1	1	2
OG0007587	1	1	2
OG0007588	1	1	2
OG0007589	1	1	2
OG0007590	1	1	2
OG0007591	1	1	2
OG0007592	1	1	2
OG0007593	1	1	2
OG0007594	1	1	2
OG0007595	1	1	2
OG0007596	1	1	2
OG0007597	1	1	2
OG0007598	1	1	2
OG0007599	1	1	2
OG0007600	1	1	2
OG0007601	1	1	2
OG0007602	1	1	2
OG0007603	1	1	2
OG0007604	1	1	2
OG0007605	1	1	2
OG0007606	1	1	2
OG0007607	1	1	2
OG0007608	1	1	2
OG0007609	1	1	2
OG0007610	1	1	2
OG0007611	1	1	2
OG0007612	1	1	2
OG0007613	1	1	2
OG0007614	1	1	2
OG0007615	1	1	2
OG0007616	1	1	2
OG0007617	1	1	2
OG0007618	1	1	2
OG0007619	1	1	2
OG0007620	1	1	2
OG0007621	1	1	2
OG0007622	1	1	2
OG0007623	1	1	2
OG0007624	1	1	2
OG0007625	1	1	2
OG0007626	1	1	2
OG0007627	1	1	2
OG0007628	1	1	2
OG0007629	1	1	2
OG0007630	1	1	2
OG0007631	1	1	2
OG0007632	1	1	2
OG0007633	1	1	2
OG0007634	1	1	2
OG0007635	1	1	2
OG0007636	1	1	2
OG0007637	1	1	2
OG0007638	1	1	2
OG0007639	1	1	2
OG0007640	1	1	2
OG0007641	1	1	2
OG0007642	1	1	2
OG0007643	1	1	2
OG0007644	1	1	2
OG0007645	1	1	2
OG0007646	1	1	2
OG0007647	1	1	2
OG0007648	1	1	2
OG0007649	1	1	2
OG0007650	1	1	2
OG0007651	1	1	2
OG0007652	1	1	2
OG0007653	1	1	2
OG0007654	1	1	2
OG0007655	1	1	2
OG0007656	1	1	2
OG0007657	1	1	2
OG0007658	1	1	2
OG0007659	1	1	2
OG0007660	1	1	2
OG0007661	1	1	2
OG0007662	1	1	2
OG0007663	1	1	2
OG0007664	1	1	2
OG0007665	1	1	2
OG0007666	1	1	2
OG0007667	1	1	2
OG0007668	1	1	2
OG0007669	1	1	2
OG0007670	1	1	2
OG0007671	1	1	2
OG0007672	1	1	2
OG0007673	1	1	2
OG0007674	1	1	2
OG0007675	1	1	2
OG0007676	1	1	2
OG0007677	1	1	2
OG0007678	1	1	2
OG0007679	1	1	2
OG0007680	1	1	2
OG0007681	1	1	2
OG0007682	1	1	2
OG0007683	1	1	2
OG0007684	1	1	2
OG0007685	1	1	2
OG0007686	1	1	2
OG0007687	1	1	2
OG0007688	1	1	2
OG0007689	1	1	2
OG0007690	1	1	2
OG0007691	1	1	2
OG0007692	1	1	2
OG0007693	1	1	2
OG0007694	1	1	2
OG0007695	1	1	2
OG0007696	1	1	2
OG0007697	1	1	2
OG0007698	1	1	2
OG0007699	1	1	2
OG0007700	1	1	2
OG0007701	1	1	2
OG0007702	1	1	2
OG0007703	1	1	2
OG0007704	1	1	2
OG0007705	1	1	2
OG0007706	1	1	2
OG0007707	1	1	2
OG0007708	1	1	2
OG0007709	1	1	2
OG0007710	1	1	2
OG0007711	1	1	2
OG0007712	1	1	2
OG0007713	1	1	2
OG0007714	1	1	2
OG0007715	1	1	2
OG0007716	1	1	2
OG0007717	1	1	2
OG0007718	1	1	2
OG0007719	1	1	2
OG0007720	1	1	2
OG0007721	1	1	2
OG0007722	1	1	2
OG0007723	1	1	2
OG0007724	1	1	2
OG0007725	1	1	2
OG0007726	1	1	2
OG0007727	1	1	2
OG0007728	1	1	2
OG0007729	1	1	2
OG0007730	1	1	2
OG0007731	1	1	2
OG0007732	1	1	2
OG0007733	1	1	2
OG0007734	1	1	2
OG0007735	1	1	2
OG0007736	1	1	2
OG0007737	1	1	2
OG0007738	1	1	2
OG0007739	1	1	2
OG0007740	1	1	2
OG0007741	1	1	2
OG0007742	1	1	2
OG0007743	1	1	2
OG0007744	1	1	2
OG0007745	1	1	2
OG0007746	1	1	2
OG0007747	1	1	2
OG0007748	1	1	2
OG0007749	1	1	2
OG0007750	1	1	2
OG0007751	1	1	2
OG0007752	1	1	2
OG0007753	1	1	2
OG0007754	1	1	2
OG0007755	1	1	2
OG0007756	1	1	2
OG0007757	1	1	2
OG0007758	1	1	2
OG0007759	1	1	2
OG0007760	1	1	2
OG0007761	1	1	2
OG0007762	1	1	2
OG0007763	1	1	2
OG0007764	1	1	2
OG0007765	1	1	2
OG0007766	1	1	2
OG0007767	1	1	2
OG0007768	1	1	2
OG0007769	1	1	2
OG0007770	1	1	2
OG0007771	1	1	2
OG0007772	1	1	2
OG0007773	1	1	2
OG0007774	1	1	2
OG0007775	1	1	2
OG0007776	1	1	2
OG0007777	1	1	2
OG0007778	1	1	2
OG0007779	1	1	2
OG0007780	1	1	2
OG0007781	1	1	2
OG0007782	1	1	2
OG0007783	1	1	2
OG0007784	1	1	2
OG0007785	1	1	2
OG0007786	1	1	2
OG0007787	1	1	2
OG0007788	1	1	2
OG0007789	1	1	2
OG0007790	1	1	2
OG0007791	1	1	2
OG0007792	1	1	2
OG0007793	1	1	2
OG0007794	1	1	2
OG0007795	1	1	2
OG0007796	1	1	2
OG0007797	1	1	2
OG0007798	1	1	2
OG0007799	1	1	2
OG0007800	1	1	2
OG0007801	1	1	2
OG0007802	1	1	2
OG0007803	1	1	2
OG0007804	1	1	2
OG0007805	1	1	2
OG0007806	1	1	2
OG0007807	1	1	2
OG0007808	1	1	2
OG0007809	1	1	2
OG0007810	1	1	2
OG0007811	1	1	2
OG0007812	1	1	2
OG0007813	1	1	2
OG0007814	1	1	2
OG0007815	1	1	2
OG0007816	1	1	2
OG0007817	1	1	2
OG0007818	1	1	2
OG0007819	1	1	2
OG0007820	1	1	2
OG0007821	1	1	2
OG0007822	1	1	2
OG0007823	1	1	2
OG0007824	1	1	2
OG0007825	1	1	2
OG0007826	1	1	2
OG0007827	1	1	2
OG0007828	1	1	2
OG0007829	1	1	2
OG0007830	1	1	2
OG0007831	1	1	2
OG0007832	1	1	2
OG0007833	1	1	2
OG0007834	1	1	2
OG0007835	1	1	2
OG0007836	1	1	2
OG0007837	1	1	2
OG0007838	1	1	2
OG0007839	1	1	2
OG0007840	1	1	2
OG0007841	1	1	2
OG0007842	1	1	2
OG0007843	1	1	2
OG0007844	1	1	2
OG0007845	1	1	2
OG0007846	1	1	2
OG0007847	1	1	2
OG0007848	1	1	2
OG0007849	1	1	2
OG0007850	1	1	2
OG0007851	1	1	2
OG0007852	1	1	2
OG0007853	1	1	2
OG0007854	1	1	2
OG0007855	1	1	2
OG0007856	1	1	2
OG0007857	1	1	2
OG0007858	1	1	2
OG0007859	1	1	2
OG0007860	1	1	2
OG0007861	1	1	2
OG0007862	1	1	2
OG0007863	1	1	2
OG0007864	1	1	2
OG0007865	1	1	2
OG0007866	1	1	2
OG0007867	1	1	2
OG0007868	1	1	2
OG0007869	1	1	2
OG0007870	1	1	2
OG0007871	1	1	2
OG0007872	1	1	2
OG0007873	1	1	2
OG0007874	1	1	2
OG0007875	1	1	2
OG0007876	1	1	2
OG0007877	1	1	2
OG0007878	1	1	2
OG0007879	1	1	2
OG0007880	1	1	2
OG0007881	1	1	2
OG0007882	1	1	2
OG0007883	1	1	2
OG0007884	1	1	2
OG0007885	1	1	2
OG0007886	1	1	2
OG0007887	1	1	2
OG0007888	1	1	2
OG0007889	1	1	2
OG0007890	1	1	2
OG0007891	1	1	2
OG0007892	1	1	2
OG0007893	1	1	2
OG0007894	1	1	2
OG0007895	1	1	2
OG0007896	1	1	2
OG0007897	1	1	2
OG0007898	1	1	2
OG0007899	1	1	2
OG0007900	1	1	2
OG0007901	1	1	2
OG0007902	1	1	2
OG0007903	1	1	2
OG0007904	1	1	2
OG0007905	1	1	2
OG0007906	1	1	2
OG0007907	1	1	2
OG0007908	1	1	2
OG0007909	1	1	2
OG0007910	1	1	2
OG0007911	1	1	2
OG0007912	1	1	2
OG0007913	1	1	2
OG0007914	1	1	2
OG0007915	1	1	2
OG0007916	1	1	2
OG0007917	1	1	2
OG0007918	1	1	2
OG0007919	1	1	2
OG0007920	1	1	2
OG0007921	1	1	2
OG0007922	1	1	2
OG0007923	1	1	2
OG0007924	1	1	2
OG0007925	1	1	2
OG0007926	1	1	2
OG0007927	1	1	2
OG0007928	1	1	2
OG0007929	1	1	2
OG0007930	1	1	2
OG0007931	1	1	2
OG0007932	1	1	2
OG0007933	1	1	2
OG0007934	1	1	2
OG0007935	1	1	2
OG0007936	1	1	2
OG0007937	1	1	2
OG0007938	1	1	2
OG0007939	1	1	2
OG0007940	1	1	2
OG0007941	1	1	2
OG0007942	1	1	2
OG0007943	1	1	2
OG0007944	1	1	2
OG0007945	1	1	2
OG0007946	1	1	2
OG0007947	1	1	2
OG0007948	1	1	2
OG0007949	1	1	2
OG0007950	1	1	2
OG0007951	1	1	2
OG0007952	1	1	2
OG0007953	1	1	2
OG0007954	1	1	2
OG0007955	1	1	2
OG0007956	1	1	2
OG0007957	1	1	2
OG0007958	1	1	2
OG0007959	1	1	2
OG0007960	1	1	2
OG0007961	1	1	2
OG0007962	1	1	2
OG0007963	1	1	2
OG0007964	1	1	2
OG0007965	1	1	2
OG0007966	1	1	2
OG0007967	1	1	2
OG0007968	1	1	2
OG0007969	1	1	2
OG0007970	1	1	2
OG0007971	1	1	2
OG0007972	1	1	2
OG0007973	1	1	2
OG0007974	1	1	2
OG0007975	1	1	2
OG0007976	1	1	2
OG0007977	1	1	2
OG0007978	1	1	2
OG0007979	1	1	2
OG0007980	1	1	2
OG0007981	1	1	2
OG0007982	1	1	2
OG0007983	1	1	2
OG0007984	1	1	2
OG0007985	1	1	2
OG0007986	1	1	2
OG0007987	1	1	2
OG0007988	1	1	2
OG0007989	1	1	2
OG0007990	1	1	2
OG0007991	1	1	2
OG0007992	1	1	2
OG0007993	1	1	2
OG0007994	1	1	2
OG0007995	1	1	2
OG0007996	2	0	2
OG0007997	1	1	2
OG0007998	1	1	2
OG0007999	1	1	2
OG0008000	1	1	2
OG0008001	1	1	2
OG0008002	2	0	2
OG0008003	1	1	2
OG0008004	1	1	2
OG0008005	1	1	2
OG0008006	1	1	2
OG0008007	1	1	2
OG0008008	1	1	2
OG0008009	1	1	2
OG0008010	1	1	2
OG0008011	1	1	2
OG0008012	1	1	2
OG0008013	1	1	2
OG0008014	1	1	2
OG0008015	1	1	2
OG0008016	1	1	2
OG0008017	1	1	2
OG0008018	1	1	2
OG0008019	1	1	2
OG0008020	1	1	2
OG0008021	1	1	2
OG0008022	1	1	2
OG0008023	1	1	2
OG0008024	1	1	2
OG0008025	1	1	2
OG0008026	1	1	2
OG0008027	1	1	2
OG0008028	1	1	2
OG0008029	1	1	2
OG0008030	1	1	2
OG0008031	1	1	2
OG0008032	1	1	2
OG0008033	1	1	2
OG0008034	1	1	2
OG0008035	1	1	2
OG0008036	1	1	2
OG0008037	1	1	2
OG0008038	1	1	2
OG0008039	1	1	2
OG0008040	1	1	2
OG0008041	1	1	2
OG0008042	1	1	2
OG0008043	1	1	2
OG0008044	1	1	2
OG0008045	1	1	2
OG0008046	1	1	2
OG0008047	1	1	2
OG0008048	1	1	2
OG0008049	1	1	2
OG0008050	1	1	2
OG0008051	1	1	2
OG0008052	1	1	2
OG0008053	1	1	2
OG0008054	1	1	2
OG0008055	1	1	2
OG0008056	1	1	2
OG0008057	1	1	2
OG0008058	1	1	2
OG0008059	1	1	2
OG0008060	1	1	2
OG0008061	1	1	2
OG0008062	1	1	2
OG0008063	1	1	2
OG0008064	1	1	2
OG0008065	1	1	2
OG0008066	1	1	2
OG0008067	1	1	2
OG0008068	1	1	2
OG0008069	1	1	2
OG0008070	1	1	2
OG0008071	1	1	2
OG0008072	1	1	2
OG0008073	1	1	2
OG0008074	1	1	2
OG0008075	1	1	2
OG0008076	1	1	2
OG0008077	1	1	2
OG0008078	1	1	2
OG0008079	1	1	2
OG0008080	1	1	2
OG0008081	1	1	2
OG0008082	1	1	2
OG0008083	1	1	2
OG0008084	1	1	2
OG0008085	1	1	2
OG0008086	1	1	2
OG0008087	1	1	2
OG0008088	1	1	2
OG0008089	1	1	2
OG0008090	1	1	2
OG0008091	1	1	2
OG0008092	1	1	2
OG0008093	1	1	2
OG0008094	1	1	2
OG0008095	1	1	2
OG0008096	1	1	2
OG0008097	1	1	2
OG0008098	1	1	2
OG0008099	1	1	2
OG0008100	1	1	2
OG0008101	1	1	2
OG0008102	1	1	2
OG0008103	1	1	2
OG0008104	1	1	2
OG0008105	1	1	2
OG0008106	1	1	2
OG0008107	1	1	2
OG0008108	1	1	2
OG0008109	1	1	2
OG0008110	1	1	2
OG0008111	1	1	2
OG0008112	1	1	2
OG0008113	1	1	2
OG0008114	1	1	2
OG0008115	1	1	2
OG0008116	1	1	2
OG0008117	1	1	2
OG0008118	1	1	2
OG0008119	1	1	2
OG0008120	1	1	2
OG0008121	1	1	2
OG0008122	1	1	2
OG0008123	1	1	2
OG0008124	1	1	2
OG0008125	1	1	2
OG0008126	1	1	2
OG0008127	1	1	2
OG0008128	1	1	2
OG0008129	1	1	2
OG0008130	1	1	2
OG0008131	1	1	2
OG0008132	1	1	2
OG0008133	1	1	2
OG0008134	1	1	2
OG0008135	1	1	2
OG0008136	1	1	2
OG0008137	1	1	2
OG0008138	1	1	2
OG0008139	1	1	2
OG0008140	1	1	2
OG0008141	1	1	2
OG0008142	1	1	2
OG0008143	1	1	2
OG0008144	1	1	2
OG0008145	1	1	2
OG0008146	1	1	2
OG0008147	1	1	2
OG0008148	1	1	2
OG0008149	1	1	2
OG0008150	1	1	2
OG0008151	1	1	2
OG0008152	1	1	2
OG0008153	1	1	2
OG0008154	1	1	2
OG0008155	1	1	2
OG0008156	1	1	2
OG0008157	1	1	2
OG0008158	1	1	2
OG0008159	1	1	2
OG0008160	1	1	2
OG0008161	1	1	2
OG0008162	1	1	2
OG0008163	1	1	2
OG0008164	1	1	2
OG0008165	1	1	2
OG0008166	1	1	2
OG0008167	1	1	2
OG0008168	1	1	2
OG0008169	1	1	2
OG0008170	1	1	2
OG0008171	1	1	2
OG0008172	1	1	2
OG0008173	1	1	2
OG0008174	1	1	2
OG0008175	1	1	2
OG0008176	1	1	2
OG0008177	1	1	2
OG0008178	1	1	2
OG0008179	1	1	2
OG0008180	1	1	2
OG0008181	1	1	2
OG0008182	1	1	2
OG0008183	1	1	2
OG0008184	1	1	2
OG0008185	1	1	2
OG0008186	1	1	2
OG0008187	1	1	2
OG0008188	1	1	2
OG0008189	1	1	2
OG0008190	1	1	2
OG0008191	1	1	2
OG0008192	1	1	2
OG0008193	1	1	2
OG0008194	1	1	2
OG0008195	1	1	2
OG0008196	1	1	2
OG0008197	1	1	2
OG0008198	1	1	2
OG0008199	1	1	2
OG0008200	1	1	2
OG0008201	1	1	2
OG0008202	1	1	2
OG0008203	1	1	2
OG0008204	1	1	2
OG0008205	1	1	2
OG0008206	1	1	2
OG0008207	1	1	2
OG0008208	1	1	2
OG0008209	1	1	2
OG0008210	1	1	2
OG0008211	1	1	2
OG0008212	1	1	2
OG0008213	1	1	2
OG0008214	1	1	2
OG0008215	1	1	2
OG0008216	1	1	2
OG0008217	1	1	2
OG0008218	1	1	2
OG0008219	1	1	2
OG0008220	1	1	2
OG0008221	1	1	2
OG0008222	1	1	2
OG0008223	1	1	2
OG0008224	1	1	2
OG0008225	1	1	2
OG0008226	1	1	2
OG0008227	1	1	2
OG0008228	1	1	2
OG0008229	1	1	2
OG0008230	1	1	2
OG0008231	1	1	2
OG0008232	1	1	2
OG0008233	1	1	2
OG0008234	1	1	2
OG0008235	1	1	2
OG0008236	1	1	2
OG0008237	1	1	2
OG0008238	1	1	2
OG0008239	1	1	2
OG0008240	1	1	2
OG0008241	1	1	2
OG0008242	1	1	2
OG0008243	1	1	2
OG0008244	1	1	2
OG0008245	1	1	2
OG0008246	1	1	2
OG0008247	1	1	2
OG0008248	1	1	2
OG0008249	1	1	2
OG0008250	1	1	2
OG0008251	2	0	2
OG0008252	1	1	2
OG0008253	1	1	2
OG0008254	1	1	2
OG0008255	1	1	2
OG0008256	1	1	2
OG0008257	1	1	2
OG0008258	1	1	2
OG0008259	1	1	2
OG0008260	1	1	2
OG0008261	1	1	2
OG0008262	1	1	2
OG0008263	1	1	2
OG0008264	1	1	2
OG0008265	1	1	2
OG0008266	1	1	2
OG0008267	1	1	2
OG0008268	1	1	2
OG0008269	2	0	2
OG0008270	1	1	2
OG0008271	1	1	2
OG0008272	1	1	2
OG0008273	1	1	2
OG0008274	1	1	2
OG0008275	1	1	2
OG0008276	1	1	2
OG0008277	1	1	2
OG0008278	1	1	2
OG0008279	1	1	2
OG0008280	1	1	2
OG0008281	1	1	2
OG0008282	1	1	2
OG0008283	1	1	2
OG0008284	1	1	2
OG0008285	1	1	2
OG0008286	1	1	2
OG0008287	1	1	2
OG0008288	1	1	2
OG0008289	1	1	2
OG0008290	1	1	2
OG0008291	1	1	2
OG0008292	1	1	2
OG0008293	1	1	2
OG0008294	1	1	2
OG0008295	1	1	2
OG0008296	1	1	2
OG0008297	1	1	2
OG0008298	1	1	2
OG0008299	1	1	2
OG0008300	1	1	2
OG0008301	1	1	2
OG0008302	1	1	2
OG0008303	1	1	2
OG0008304	1	1	2
OG0008305	1	1	2
OG0008306	1	1	2
OG0008307	1	1	2
OG0008308	1	1	2
OG0008309	1	1	2
OG0008310	1	1	2
OG0008311	1	1	2
OG0008312	1	1	2
OG0008313	1	1	2
OG0008314	1	1	2
OG0008315	1	1	2
OG0008316	1	1	2
OG0008317	1	1	2
OG0008318	1	1	2
OG0008319	1	1	2
OG0008320	1	1	2
OG0008321	1	1	2
OG0008322	1	1	2
OG0008323	1	1	2
OG0008324	1	1	2
OG0008325	1	1	2
OG0008326	1	1	2
OG0008327	1	1	2
OG0008328	1	1	2
OG0008329	1	1	2
OG0008330	1	1	2
OG0008331	1	1	2
OG0008332	1	1	2
OG0008333	1	1	2
OG0008334	1	1	2
OG0008335	1	1	2
OG0008336	1	1	2
OG0008337	1	1	2
OG0008338	1	1	2
OG0008339	1	1	2
OG0008340	1	1	2
OG0008341	1	1	2
OG0008342	1	1	2
OG0008343	1	1	2
OG0008344	1	1	2
OG0008345	1	1	2
OG0008346	1	1	2
OG0008347	1	1	2
OG0008348	1	1	2
OG0008349	1	1	2
OG0008350	1	1	2
OG0008351	1	1	2
OG0008352	1	1	2
OG0008353	1	1	2
OG0008354	1	1	2
OG0008355	1	1	2
OG0008356	1	1	2
OG0008357	1	1	2
OG0008358	1	1	2
OG0008359	1	1	2
OG0008360	1	1	2
OG0008361	1	1	2
OG0008362	1	1	2
OG0008363	1	1	2
OG0008364	1	1	2
OG0008365	1	1	2
OG0008366	1	1	2
OG0008367	1	1	2
OG0008368	1	1	2
OG0008369	1	1	2
OG0008370	1	1	2
OG0008371	1	1	2
OG0008372	1	1	2
OG0008373	1	1	2
OG0008374	1	1	2
OG0008375	1	1	2
OG0008376	1	1	2
OG0008377	1	1	2
OG0008378	1	1	2
OG0008379	1	1	2
OG0008380	1	1	2
OG0008381	1	1	2
OG0008382	1	1	2
OG0008383	1	1	2
OG0008384	1	1	2
OG0008385	1	1	2
OG0008386	1	1	2
OG0008387	1	1	2
OG0008388	1	1	2
OG0008389	1	1	2
OG0008390	1	1	2
OG0008391	1	1	2
OG0008392	1	1	2
OG0008393	1	1	2
OG0008394	1	1	2
OG0008395	1	1	2
OG0008396	1	1	2
OG0008397	1	1	2
OG0008398	1	1	2
OG0008399	1	1	2
OG0008400	1	1	2
OG0008401	1	1	2
OG0008402	1	1	2
OG0008403	1	1	2
OG0008404	1	1	2
OG0008405	1	1	2
OG0008406	1	1	2
OG0008407	1	1	2
OG0008408	1	1	2
OG0008409	1	1	2
OG0008410	1	1	2
OG0008411	1	1	2
OG0008412	1	1	2
OG0008413	1	1	2
OG0008414	1	1	2
OG0008415	1	1	2
OG0008416	1	1	2
OG0008417	1	1	2
OG0008418	1	1	2
OG0008419	1	1	2
OG0008420	1	1	2
OG0008421	1	1	2
OG0008422	1	1	2
OG0008423	1	1	2
OG0008424	1	1	2
OG0008425	1	1	2
OG0008426	1	1	2
OG0008427	1	1	2
OG0008428	1	1	2
OG0008429	1	1	2
OG0008430	1	1	2
OG0008431	1	1	2
OG0008432	1	1	2
OG0008433	1	1	2
OG0008434	1	1	2
OG0008435	1	1	2
OG0008436	1	1	2
OG0008437	1	1	2
OG0008438	1	1	2
OG0008439	1	1	2
OG0008440	1	1	2
OG0008441	1	1	2
OG0008442	1	1	2
OG0008443	1	1	2
OG0008444	1	1	2
OG0008445	1	1	2
OG0008446	1	1	2
OG0008447	1	1	2
OG0008448	1	1	2
OG0008449	1	1	2
OG0008450	1	1	2
OG0008451	1	1	2
OG0008452	1	1	2
OG0008453	1	1	2
OG0008454	1	1	2
OG0008455	1	1	2
OG0008456	1	1	2
OG0008457	1	1	2
OG0008458	1	1	2
OG0008459	1	1	2
OG0008460	1	1	2
OG0008461	1	1	2
OG0008462	1	1	2
OG0008463	1	1	2
OG0008464	1	1	2
OG0008465	1	1	2
OG0008466	1	1	2
OG0008467	1	1	2
OG0008468	1	1	2
OG0008469	1	1	2
OG0008470	1	1	2
OG0008471	1	1	2
OG0008472	1	1	2
OG0008473	1	1	2
OG0008474	1	1	2
OG0008475	1	1	2
OG0008476	1	1	2
OG0008477	1	1	2
OG0008478	1	1	2
OG0008479	1	1	2
OG0008480	1	1	2
OG0008481	1	1	2
OG0008482	1	1	2
OG0008483	1	1	2
OG0008484	1	1	2
OG0008485	1	1	2
OG0008486	1	1	2
OG0008487	1	1	2
OG0008488	1	1	2
OG0008489	1	1	2
OG0008490	1	1	2
OG0008491	1	1	2
OG0008492	1	1	2
OG0008493	1	1	2
OG0008494	1	1	2
OG0008495	1	1	2
OG0008496	1	1	2
OG0008497	1	1	2
OG0008498	1	1	2
OG0008499	1	1	2
OG0008500	1	1	2
OG0008501	1	1	2
OG0008502	1	1	2
OG0008503	1	1	2
OG0008504	1	1	2
OG0008505	1	1	2
OG0008506	1	1	2
OG0008507	1	1	2
OG0008508	1	1	2
OG0008509	1	1	2
OG0008510	1	1	2
OG0008511	1	1	2
OG0008512	1	1	2
OG0008513	1	1	2
OG0008514	1	1	2
OG0008515	1	1	2
OG0008516	1	1	2
OG0008517	1	1	2
OG0008518	1	1	2
OG0008519	1	1	2
OG0008520	1	1	2
OG0008521	1	1	2
OG0008522	1	1	2
OG0008523	1	1	2
OG0008524	1	1	2
OG0008525	1	1	2
OG0008526	1	1	2
OG0008527	1	1	2
OG0008528	1	1	2
OG0008529	1	1	2
OG0008530	1	1	2
OG0008531	1	1	2
OG0008532	1	1	2
OG0008533	1	1	2
OG0008534	1	1	2
OG0008535	1	1	2
OG0008536	1	1	2
OG0008537	1	1	2
OG0008538	1	1	2
OG0008539	1	1	2
OG0008540	1	1	2
OG0008541	1	1	2
OG0008542	1	1	2
OG0008543	1	1	2
OG0008544	1	1	2
OG0008545	1	1	2
OG0008546	1	1	2
OG0008547	1	1	2
OG0008548	1	1	2
OG0008549	1	1	2
OG0008550	1	1	2
OG0008551	1	1	2
OG0008552	1	1	2
OG0008553	1	1	2
OG0008554	1	1	2
OG0008555	1	1	2
OG0008556	1	1	2
OG0008557	1	1	2
OG0008558	1	1	2
OG0008559	1	1	2
OG0008560	1	1	2
OG0008561	1	1	2
OG0008562	1	1	2
OG0008563	1	1	2
OG0008564	1	1	2
OG0008565	1	1	2
OG0008566	1	1	2
OG0008567	1	1	2
OG0008568	1	1	2
OG0008569	1	1	2
OG0008570	1	1	2
OG0008571	1	1	2
OG0008572	1	1	2
OG0008573	1	1	2
OG0008574	1	1	2
OG0008575	1	1	2
OG0008576	1	1	2
OG0008577	1	1	2
OG0008578	1	1	2
OG0008579	1	1	2
OG0008580	1	1	2
OG0008581	1	1	2
OG0008582	1	1	2
OG0008583	1	1	2
OG0008584	1	1	2
OG0008585	1	1	2
OG0008586	1	1	2
OG0008587	1	1	2
OG0008588	1	1	2
OG0008589	1	1	2
OG0008590	1	1	2
OG0008591	1	1	2
OG0008592	1	1	2
OG0008593	1	1	2
OG0008594	1	1	2
OG0008595	1	1	2
OG0008596	1	1	2
OG0008597	1	1	2
OG0008598	1	1	2
OG0008599	1	1	2
OG0008600	1	1	2
OG0008601	1	1	2
OG0008602	1	1	2
OG0008603	1	1	2
OG0008604	1	1	2
OG0008605	1	1	2
OG0008606	1	1	2
OG0008607	1	1	2
OG0008608	1	1	2
OG0008609	1	1	2
OG0008610	1	1	2
OG0008611	1	1	2
OG0008612	1	1	2
OG0008613	1	1	2
OG0008614	1	1	2
OG0008615	1	1	2
OG0008616	1	1	2
OG0008617	1	1	2
OG0008618	1	1	2
OG0008619	1	1	2
OG0008620	1	1	2
OG0008621	1	1	2
OG0008622	1	1	2
OG0008623	1	1	2
OG0008624	1	1	2
OG0008625	1	1	2
OG0008626	1	1	2
OG0008627	1	1	2
OG0008628	1	1	2
OG0008629	1	1	2
OG0008630	1	1	2
OG0008631	1	1	2
OG0008632	1	1	2
OG0008633	1	1	2
OG0008634	1	1	2
OG0008635	1	1	2
OG0008636	1	1	2
OG0008637	1	1	2
OG0008638	1	1	2
OG0008639	1	1	2
OG0008640	1	1	2
OG0008641	1	1	2
OG0008642	1	1	2
OG0008643	1	1	2
OG0008644	1	1	2
OG0008645	1	1	2
OG0008646	1	1	2
OG0008647	1	1	2
OG0008648	1	1	2
OG0008649	1	1	2
OG0008650	1	1	2
OG0008651	1	1	2
OG0008652	1	1	2
OG0008653	1	1	2
OG0008654	1	1	2
OG0008655	1	1	2
OG0008656	1	1	2
OG0008657	1	1	2
OG0008658	1	1	2
OG0008659	1	1	2
OG0008660	1	1	2
OG0008661	1	1	2
OG0008662	1	1	2
OG0008663	1	1	2
OG0008664	1	1	2
OG0008665	1	1	2
OG0008666	1	1	2
OG0008667	1	1	2
OG0008668	1	1	2
OG0008669	1	1	2
OG0008670	1	1	2
OG0008671	1	1	2
OG0008672	1	1	2
OG0008673	1	1	2
OG0008674	1	1	2
OG0008675	1	1	2
OG0008676	1	1	2
OG0008677	1	1	2
OG0008678	1	1	2
OG0008679	1	1	2
OG0008680	1	1	2
OG0008681	1	1	2
OG0008682	1	1	2
OG0008683	1	1	2
OG0008684	1	1	2
OG0008685	1	1	2
OG0008686	1	1	2
OG0008687	1	1	2
OG0008688	1	1	2
OG0008689	1	1	2
OG0008690	1	1	2
OG0008691	1	1	2
OG0008692	1	1	2
OG0008693	1	1	2
OG0008694	1	1	2
OG0008695	1	1	2
OG0008696	1	1	2
OG0008697	1	1	2
OG0008698	1	1	2
OG0008699	1	1	2
OG0008700	1	1	2
OG0008701	1	1	2
OG0008702	1	1	2
OG0008703	1	1	2
OG0008704	1	1	2
OG0008705	1	1	2
OG0008706	1	1	2
OG0008707	1	1	2
OG0008708	1	1	2
OG0008709	1	1	2
OG0008710	1	1	2
OG0008711	1	1	2
OG0008712	1	1	2
OG0008713	1	1	2
OG0008714	1	1	2
OG0008715	1	1	2
OG0008716	1	1	2
OG0008717	1	1	2
OG0008718	1	1	2
OG0008719	1	1	2
OG0008720	1	1	2
OG0008721	1	1	2
OG0008722	1	1	2
OG0008723	1	1	2
OG0008724	1	1	2
OG0008725	1	1	2
OG0008726	1	1	2
OG0008727	1	1	2
OG0008728	1	1	2
OG0008729	1	1	2
OG0008730	1	1	2
OG0008731	1	1	2
OG0008732	1	1	2
OG0008733	1	1	2
OG0008734	1	1	2
OG0008735	1	1	2
OG0008736	1	1	2
OG0008737	1	1	2
OG0008738	1	1	2
OG0008739	1	1	2
OG0008740	1	1	2
OG0008741	1	1	2
OG0008742	1	1	2
OG0008743	1	1	2
OG0008744	1	1	2
OG0008745	1	1	2
OG0008746	1	1	2
OG0008747	1	1	2
OG0008748	1	1	2
OG0008749	1	1	2
OG0008750	1	1	2
OG0008751	1	1	2
OG0008752	1	1	2
OG0008753	1	1	2
OG0008754	1	1	2
OG0008755	1	1	2
OG0008756	1	1	2
OG0008757	1	1	2
OG0008758	1	1	2
OG0008759	1	1	2
OG0008760	1	1	2
OG0008761	1	1	2
OG0008762	1	1	2
OG0008763	1	1	2
OG0008764	1	1	2
OG0008765	1	1	2
OG0008766	1	1	2
OG0008767	1	1	2
OG0008768	1	1	2
OG0008769	1	1	2
OG0008770	1	1	2
OG0008771	1	1	2
OG0008772	1	1	2
OG0008773	1	1	2
OG0008774	1	1	2
OG0008775	1	1	2
OG0008776	1	1	2
OG0008777	1	1	2
OG0008778	1	1	2
OG0008779	1	1	2
OG0008780	1	1	2
OG0008781	1	1	2
OG0008782	1	1	2
OG0008783	1	1	2
OG0008784	1	1	2
OG0008785	1	1	2
OG0008786	1	1	2
OG0008787	1	1	2
OG0008788	1	1	2
OG0008789	1	1	2
OG0008790	1	1	2
OG0008791	1	1	2
OG0008792	1	1	2
OG0008793	1	1	2
OG0008794	1	1	2
OG0008795	1	1	2
OG0008796	1	1	2
OG0008797	1	1	2
OG0008798	2	0	2
OG0008799	1	1	2
OG0008800	1	1	2
OG0008801	1	1	2
OG0008802	1	1	2
OG0008803	1	1	2
OG0008804	1	1	2
OG0008805	1	1	2
OG0008806	1	1	2
OG0008807	1	1	2
OG0008808	1	1	2
OG0008809	1	1	2
OG0008810	1	1	2
OG0008811	1	1	2
OG0008812	1	1	2
OG0008813	1	1	2
OG0008814	1	1	2
OG0008815	1	1	2
OG0008816	1	1	2
OG0008817	1	1	2
OG0008818	1	1	2
OG0008819	1	1	2
OG0008820	1	1	2
OG0008821	1	1	2
OG0008822	1	1	2
OG0008823	1	1	2
OG0008824	1	1	2
OG0008825	1	1	2
OG0008826	1	1	2
OG0008827	1	1	2
OG0008828	1	1	2
OG0008829	1	1	2
OG0008830	1	1	2
OG0008831	1	1	2
OG0008832	1	1	2
OG0008833	1	1	2
OG0008834	1	1	2
OG0008835	1	1	2
OG0008836	1	1	2
OG0008837	1	1	2
OG0008838	1	1	2
OG0008839	1	1	2
OG0008840	1	1	2
OG0008841	1	1	2
OG0008842	1	1	2
OG0008843	1	1	2
OG0008844	1	1	2
OG0008845	1	1	2
OG0008846	1	1	2
OG0008847	1	1	2
OG0008848	1	1	2
OG0008849	1	1	2
OG0008850	1	1	2
OG0008851	1	1	2
OG0008852	1	1	2
OG0008853	1	1	2
OG0008854	1	1	2
OG0008855	1	1	2
OG0008856	1	1	2
OG0008857	1	1	2
OG0008858	1	1	2
OG0008859	1	1	2
OG0008860	1	1	2
OG0008861	1	1	2
OG0008862	1	1	2
OG0008863	1	1	2
OG0008864	1	1	2
OG0008865	1	1	2
OG0008866	1	1	2
OG0008867	1	1	2
OG0008868	1	1	2
OG0008869	1	1	2
OG0008870	1	1	2
OG0008871	1	1	2
OG0008872	1	1	2
OG0008873	1	1	2
OG0008874	1	1	2
OG0008875	1	1	2
OG0008876	1	1	2
OG0008877	1	1	2
OG0008878	1	1	2
OG0008879	1	1	2
OG0008880	1	1	2
OG0008881	1	1	2
OG0008882	1	1	2
OG0008883	1	1	2
OG0008884	1	1	2
OG0008885	1	1	2
OG0008886	1	1	2
OG0008887	1	1	2
OG0008888	1	1	2
OG0008889	1	1	2
OG0008890	1	1	2
OG0008891	1	1	2
OG0008892	1	1	2
OG0008893	1	1	2
OG0008894	1	1	2
OG0008895	1	1	2
OG0008896	1	1	2
OG0008897	1	1	2
OG0008898	1	1	2
OG0008899	1	1	2
OG0008900	1	1	2
OG0008901	1	1	2
OG0008902	1	1	2
OG0008903	1	1	2
OG0008904	1	1	2
OG0008905	1	1	2
OG0008906	1	1	2
OG0008907	1	1	2
OG0008908	1	1	2
OG0008909	1	1	2
OG0008910	1	1	2
OG0008911	1	1	2
OG0008912	1	1	2
OG0008913	1	1	2
OG0008914	1	1	2
OG0008915	1	1	2
OG0008916	1	1	2
OG0008917	1	1	2
OG0008918	1	1	2
OG0008919	1	1	2
OG0008920	1	1	2
OG0008921	1	1	2
OG0008922	1	1	2
OG0008923	1	1	2
OG0008924	1	1	2
OG0008925	1	1	2
OG0008926	1	1	2
OG0008927	1	1	2
OG0008928	1	1	2
OG0008929	1	1	2
OG0008930	1	1	2
OG0008931	1	1	2
OG0008932	1	1	2
OG0008933	1	1	2
OG0008934	1	1	2
OG0008935	1	1	2
OG0008936	1	1	2
OG0008937	1	1	2
OG0008938	1	1	2
OG0008939	2	0	2
OG0008940	1	1	2
OG0008941	1	1	2
OG0008942	1	1	2
OG0008943	1	1	2
OG0008944	1	1	2
OG0008945	1	1	2
OG0008946	1	1	2
OG0008947	1	1	2
OG0008948	1	1	2
OG0008949	1	1	2
OG0008950	1	1	2
OG0008951	1	1	2
OG0008952	1	1	2
OG0008953	1	1	2
OG0008954	1	1	2
OG0008955	1	1	2
OG0008956	1	1	2
OG0008957	1	1	2
OG0008958	1	1	2
OG0008959	1	1	2
OG0008960	1	1	2
OG0008961	1	1	2
OG0008962	1	1	2
OG0008963	1	1	2
OG0008964	1	1	2
OG0008965	1	1	2
OG0008966	1	1	2
OG0008967	1	1	2
OG0008968	1	1	2
OG0008969	1	1	2
OG0008970	1	1	2
OG0008971	1	1	2
OG0008972	1	1	2
OG0008973	1	1	2
OG0008974	1	1	2
OG0008975	1	1	2
OG0008976	1	1	2
OG0008977	1	1	2
OG0008978	1	1	2
OG0008979	1	1	2
OG0008980	1	1	2
OG0008981	1	1	2
OG0008982	1	1	2
OG0008983	1	1	2
OG0008984	1	1	2
OG0008985	1	1	2
OG0008986	1	1	2
OG0008987	1	1	2
OG0008988	1	1	2
OG0008989	1	1	2
OG0008990	1	1	2
OG0008991	1	1	2
OG0008992	1	1	2
OG0008993	1	1	2
OG0008994	1	1	2
OG0008995	1	1	2
OG0008996	1	1	2
OG0008997	1	1	2
OG0008998	1	1	2
OG0008999	1	1	2
OG0009000	1	1	2
OG0009001	1	1	2
OG0009002	1	1	2
OG0009003	1	1	2
OG0009004	1	1	2
OG0009005	1	1	2
OG0009006	1	1	2
OG0009007	1	1	2
OG0009008	1	1	2
OG0009009	1	1	2
OG0009010	1	1	2
OG0009011	1	1	2
OG0009012	1	1	2
OG0009013	1	1	2
OG0009014	1	1	2
OG0009015	1	1	2
OG0009016	1	1	2
OG0009017	1	1	2
OG0009018	1	1	2
OG0009019	1	1	2
OG0009020	1	1	2
OG0009021	1	1	2
OG0009022	1	1	2
OG0009023	1	1	2
OG0009024	1	1	2
OG0009025	1	1	2
OG0009026	1	1	2
OG0009027	1	1	2
OG0009028	1	1	2
OG0009029	1	1	2
OG0009030	1	1	2
OG0009031	1	1	2
OG0009032	1	1	2
OG0009033	1	1	2
OG0009034	1	1	2
OG0009035	1	1	2
OG0009036	1	1	2
OG0009037	1	1	2
OG0009038	1	1	2
OG0009039	1	1	2
OG0009040	1	1	2
OG0009041	1	1	2
OG0009042	1	1	2
OG0009043	1	1	2
OG0009044	1	1	2
OG0009045	1	1	2
OG0009046	1	1	2
OG0009047	1	1	2
OG0009048	1	1	2
OG0009049	1	1	2
OG0009050	1	1	2
OG0009051	1	1	2
OG0009052	1	1	2
OG0009053	1	1	2
OG0009054	1	1	2
OG0009055	1	1	2
OG0009056	1	1	2
OG0009057	1	1	2
OG0009058	1	1	2
OG0009059	1	1	2
OG0009060	1	1	2
OG0009061	1	1	2
OG0009062	1	1	2
OG0009063	1	1	2
OG0009064	1	1	2
OG0009065	1	1	2
OG0009066	1	1	2
OG0009067	1	1	2
OG0009068	1	1	2
OG0009069	1	1	2
OG0009070	1	1	2
OG0009071	1	1	2
OG0009072	1	1	2
OG0009073	1	1	2
OG0009074	1	1	2
OG0009075	1	1	2
OG0009076	1	1	2
OG0009077	1	1	2
OG0009078	1	1	2
OG0009079	1	1	2
OG0009080	1	1	2
OG0009081	1	1	2
OG0009082	1	1	2
OG0009083	1	1	2
OG0009084	1	1	2
OG0009085	1	1	2
OG0009086	1	1	2
OG0009087	1	1	2
OG0009088	1	1	2
OG0009089	1	1	2
OG0009090	1	1	2
OG0009091	1	1	2
OG0009092	1	1	2
OG0009093	1	1	2
OG0009094	1	1	2
OG0009095	1	1	2
OG0009096	1	1	2
OG0009097	1	1	2
OG0009098	1	1	2
OG0009099	1	1	2
OG0009100	1	1	2
OG0009101	1	1	2
OG0009102	1	1	2
OG0009103	1	1	2
OG0009104	1	1	2
OG0009105	1	1	2
OG0009106	1	1	2
OG0009107	1	1	2
OG0009108	1	1	2
OG0009109	1	1	2
OG0009110	1	1	2
OG0009111	1	1	2
OG0009112	1	1	2
OG0009113	1	1	2
OG0009114	1	1	2
OG0009115	1	1	2
OG0009116	1	1	2
OG0009117	1	1	2
OG0009118	1	1	2
OG0009119	1	1	2
OG0009120	1	1	2
OG0009121	1	1	2
OG0009122	1	1	2
OG0009123	1	1	2
OG0009124	1	1	2
OG0009125	1	1	2
OG0009126	1	1	2
OG0009127	1	1	2
OG0009128	1	1	2
OG0009129	1	1	2
OG0009130	1	1	2
OG0009131	1	1	2
OG0009132	1	1	2
OG0009133	1	1	2
OG0009134	1	1	2
OG0009135	1	1	2
OG0009136	1	1	2
OG0009137	1	1	2
OG0009138	1	1	2
OG0009139	1	1	2
OG0009140	1	1	2
OG0009141	1	1	2
OG0009142	1	1	2
OG0009143	1	1	2
OG0009144	1	1	2
OG0009145	1	1	2
OG0009146	1	1	2
OG0009147	1	1	2
OG0009148	1	1	2
OG0009149	1	1	2
OG0009150	1	1	2
OG0009151	1	1	2
OG0009152	1	1	2
OG0009153	1	1	2
OG0009154	1	1	2
OG0009155	1	1	2
OG0009156	1	1	2
OG0009157	1	1	2
OG0009158	1	1	2
OG0009159	1	1	2
OG0009160	1	1	2
OG0009161	1	1	2
OG0009162	1	1	2
OG0009163	1	1	2
OG0009164	1	1	2
OG0009165	1	1	2
OG0009166	1	1	2
OG0009167	1	1	2
OG0009168	1	1	2
OG0009169	1	1	2
OG0009170	1	1	2
OG0009171	1	1	2
OG0009172	1	1	2
OG0009173	1	1	2
OG0009174	1	1	2
OG0009175	1	1	2
OG0009176	1	1	2
OG0009177	1	1	2
OG0009178	1	1	2
OG0009179	1	1	2
OG0009180	1	1	2
OG0009181	1	1	2
OG0009182	1	1	2
OG0009183	1	1	2
OG0009184	1	1	2
OG0009185	1	1	2
OG0009186	1	1	2
OG0009187	1	1	2
OG0009188	1	1	2
OG0009189	1	1	2
OG0009190	1	1	2
OG0009191	1	1	2
OG0009192	1	1	2
OG0009193	1	1	2
OG0009194	1	1	2
OG0009195	1	1	2
OG0009196	1	1	2
OG0009197	1	1	2
OG0009198	1	1	2
OG0009199	1	1	2
OG0009200	1	1	2
OG0009201	1	1	2
OG0009202	1	1	2
OG0009203	1	1	2
OG0009204	1	1	2
OG0009205	1	1	2
OG0009206	1	1	2
OG0009207	1	1	2
OG0009208	1	1	2
OG0009209	1	1	2
OG0009210	1	1	2
OG0009211	1	1	2
OG0009212	1	1	2
OG0009213	1	1	2
OG0009214	1	1	2
OG0009215	1	1	2
OG0009216	1	1	2
OG0009217	1	1	2
OG0009218	1	1	2
OG0009219	1	1	2
OG0009220	1	1	2
OG0009221	1	1	2
OG0009222	1	1	2
OG0009223	1	1	2
OG0009224	1	1	2
OG0009225	1	1	2
OG0009226	1	1	2
OG0009227	1	1	2
OG0009228	1	1	2
OG0009229	1	1	2
OG0009230	1	1	2
OG0009231	1	1	2
OG0009232	1	1	2
OG0009233	1	1	2
OG0009234	1	1	2
OG0009235	1	1	2
OG0009236	1	1	2
OG0009237	1	1	2
OG0009238	1	1	2
OG0009239	1	1	2
OG0009240	1	1	2
OG0009241	1	1	2
OG0009242	1	1	2
OG0009243	1	1	2
OG0009244	1	1	2
OG0009245	1	1	2
OG0009246	1	1	2
OG0009247	1	1	2
OG0009248	1	1	2
OG0009249	1	1	2
OG0009250	1	1	2
OG0009251	1	1	2
OG0009252	1	1	2
OG0009253	1	1	2
OG0009254	1	1	2
OG0009255	1	1	2
OG0009256	1	1	2
OG0009257	1	1	2
OG0009258	1	1	2
OG0009259	1	1	2
OG0009260	1	1	2
OG0009261	1	1	2
OG0009262	1	1	2
OG0009263	1	1	2
OG0009264	1	1	2
OG0009265	1	1	2
OG0009266	1	1	2
OG0009267	1	1	2
OG0009268	1	1	2
OG0009269	1	1	2
OG0009270	1	1	2
OG0009271	1	1	2
OG0009272	1	1	2
OG0009273	1	1	2
OG0009274	1	1	2
OG0009275	1	1	2
OG0009276	1	1	2
OG0009277	1	1	2
OG0009278	1	1	2
OG0009279	1	1	2
OG0009280	1	1	2
OG0009281	1	1	2
OG0009282	1	1	2
OG0009283	1	1	2
OG0009284	1	1	2
OG0009285	1	1	2
OG0009286	1	1	2
OG0009287	1	1	2
OG0009288	1	1	2
OG0009289	1	1	2
OG0009290	1	1	2
OG0009291	1	1	2
OG0009292	1	1	2
OG0009293	1	1	2
OG0009294	1	1	2
OG0009295	1	1	2
OG0009296	1	1	2
OG0009297	1	1	2
OG0009298	1	1	2
OG0009299	1	1	2
OG0009300	1	1	2
OG0009301	1	1	2
OG0009302	1	1	2
OG0009303	1	1	2
OG0009304	1	1	2
OG0009305	1	1	2
OG0009306	1	1	2
OG0009307	1	1	2
OG0009308	1	1	2
OG0009309	1	1	2
OG0009310	1	1	2
OG0009311	1	1	2
OG0009312	1	1	2
OG0009313	1	1	2
OG0009314	1	1	2
OG0009315	1	1	2
OG0009316	1	1	2
OG0009317	1	1	2
OG0009318	1	1	2
OG0009319	1	1	2
OG0009320	1	1	2
OG0009321	1	1	2
OG0009322	1	1	2
OG0009323	1	1	2
OG0009324	1	1	2
OG0009325	1	1	2
OG0009326	1	1	2
OG0009327	1	1	2
OG0009328	1	1	2
OG0009329	1	1	2
OG0009330	1	1	2
OG0009331	1	1	2
OG0009332	1	1	2
OG0009333	1	1	2
OG0009334	1	1	2
OG0009335	1	1	2
OG0009336	1	1	2
OG0009337	1	1	2
OG0009338	1	1	2
OG0009339	1	1	2
OG0009340	1	1	2
OG0009341	1	1	2
OG0009342	1	1	2
OG0009343	1	1	2
OG0009344	1	1	2
OG0009345	1	1	2
OG0009346	1	1	2
OG0009347	1	1	2
OG0009348	1	1	2
OG0009349	1	1	2
OG0009350	1	1	2
OG0009351	1	1	2
OG0009352	1	1	2
OG0009353	1	1	2
OG0009354	1	1	2
OG0009355	1	1	2
OG0009356	1	1	2
OG0009357	1	1	2
OG0009358	1	1	2
OG0009359	1	1	2
OG0009360	1	1	2
OG0009361	1	1	2
OG0009362	1	1	2
OG0009363	1	1	2
OG0009364	1	1	2
OG0009365	1	1	2
OG0009366	1	1	2
OG0009367	1	1	2
OG0009368	1	1	2
OG0009369	1	1	2
OG0009370	1	1	2
OG0009371	1	1	2
OG0009372	1	1	2
OG0009373	1	1	2
OG0009374	1	1	2
OG0009375	1	1	2
OG0009376	1	1	2
OG0009377	1	1	2
OG0009378	1	1	2
OG0009379	1	1	2
OG0009380	1	1	2
OG0009381	1	1	2
OG0009382	1	1	2
OG0009383	1	1	2
OG0009384	1	1	2
OG0009385	1	1	2
OG0009386	1	1	2
OG0009387	1	1	2
OG0009388	2	0	2
OG0009389	1	1	2
OG0009390	1	1	2
OG0009391	1	1	2
OG0009392	1	1	2
OG0009393	1	1	2
OG0009394	1	1	2
OG0009395	1	1	2
OG0009396	1	1	2
OG0009397	1	1	2
OG0009398	1	1	2
OG0009399	1	1	2
OG0009400	1	1	2
OG0009401	1	1	2
OG0009402	1	1	2
OG0009403	1	1	2
OG0009404	1	1	2
OG0009405	1	1	2
OG0009406	1	1	2
OG0009407	1	1	2
OG0009408	1	1	2
OG0009409	1	1	2
OG0009410	1	1	2
OG0009411	1	1	2
OG0009412	1	1	2
OG0009413	1	1	2
OG0009414	1	1	2
OG0009415	1	1	2
OG0009416	1	1	2
OG0009417	1	1	2
OG0009418	1	1	2
OG0009419	1	1	2
OG0009420	1	1	2
OG0009421	1	1	2
OG0009422	1	1	2
OG0009423	1	1	2
OG0009424	1	1	2
OG0009425	1	1	2
OG0009426	1	1	2
OG0009427	1	1	2
OG0009428	1	1	2
OG0009429	1	1	2
OG0009430	1	1	2
OG0009431	1	1	2
OG0009432	1	1	2
OG0009433	1	1	2
OG0009434	1	1	2
OG0009435	1	1	2
OG0009436	1	1	2
OG0009437	1	1	2
OG0009438	1	1	2
OG0009439	1	1	2
OG0009440	1	1	2
OG0009441	1	1	2
OG0009442	1	1	2
OG0009443	1	1	2
OG0009444	1	1	2
OG0009445	1	1	2
OG0009446	1	1	2
OG0009447	1	1	2
OG0009448	1	1	2
OG0009449	1	1	2
OG0009450	1	1	2
OG0009451	1	1	2
OG0009452	1	1	2
OG0009453	1	1	2
OG0009454	1	1	2
OG0009455	1	1	2
OG0009456	1	1	2
OG0009457	1	1	2
OG0009458	1	1	2
OG0009459	1	1	2
OG0009460	1	1	2
OG0009461	1	1	2
OG0009462	1	1	2
OG0009463	1	1	2
OG0009464	1	1	2
OG0009465	1	1	2
OG0009466	1	1	2
OG0009467	1	1	2
OG0009468	1	1	2
OG0009469	1	1	2
OG0009470	1	1	2
OG0009471	1	1	2
OG0009472	1	1	2
OG0009473	1	1	2
OG0009474	1	1	2
OG0009475	1	1	2
OG0009476	1	1	2
OG0009477	1	1	2
OG0009478	1	1	2
OG0009479	1	1	2
OG0009480	1	1	2
OG0009481	1	1	2
OG0009482	1	1	2
OG0009483	1	1	2
OG0009484	1	1	2
OG0009485	1	1	2
OG0009486	1	1	2
OG0009487	1	1	2
OG0009488	1	1	2
OG0009489	1	1	2
OG0009490	1	1	2
OG0009491	1	1	2
OG0009492	1	1	2
OG0009493	1	1	2
OG0009494	1	1	2
OG0009495	1	1	2
OG0009496	1	1	2
OG0009497	1	1	2
OG0009498	1	1	2
OG0009499	1	1	2
OG0009500	1	1	2
OG0009501	1	1	2
OG0009502	1	1	2
OG0009503	1	1	2
OG0009504	1	1	2
OG0009505	1	1	2
OG0009506	1	1	2
OG0009507	1	1	2
OG0009508	1	1	2
OG0009509	1	1	2
OG0009510	1	1	2
OG0009511	1	1	2
OG0009512	1	1	2
OG0009513	1	1	2
OG0009514	1	1	2
OG0009515	1	1	2
OG0009516	1	1	2
OG0009517	1	1	2
OG0009518	1	1	2
OG0009519	1	1	2
OG0009520	1	1	2
OG0009521	1	1	2
OG0009522	1	1	2
OG0009523	1	1	2
OG0009524	1	1	2
OG0009525	1	1	2
OG0009526	1	1	2
OG0009527	1	1	2
OG0009528	1	1	2
OG0009529	1	1	2
OG0009530	1	1	2
OG0009531	1	1	2
OG0009532	1	1	2
OG0009533	1	1	2
OG0009534	1	1	2
OG0009535	1	1	2
OG0009536	1	1	2
OG0009537	1	1	2
OG0009538	1	1	2
OG0009539	1	1	2
OG0009540	1	1	2
OG0009541	1	1	2
OG0009542	1	1	2
OG0009543	1	1	2
OG0009544	1	1	2
OG0009545	1	1	2
OG0009546	1	1	2
OG0009547	1	1	2
OG0009548	1	1	2
OG0009549	1	1	2
OG0009550	1	1	2
OG0009551	1	1	2
OG0009552	1	1	2
OG0009553	1	1	2
OG0009554	1	1	2
OG0009555	1	1	2
OG0009556	1	1	2
OG0009557	1	1	2
OG0009558	1	1	2
OG0009559	1	1	2
OG0009560	1	1	2
OG0009561	1	1	2
OG0009562	1	1	2
OG0009563	1	1	2
OG0009564	1	1	2
OG0009565	1	1	2
OG0009566	1	1	2
OG0009567	1	1	2
OG0009568	1	1	2
OG0009569	1	1	2
OG0009570	1	1	2
OG0009571	1	1	2
OG0009572	1	1	2
OG0009573	1	1	2
OG0009574	1	1	2
OG0009575	1	1	2
OG0009576	1	1	2
OG0009577	1	1	2
OG0009578	1	1	2
OG0009579	1	1	2
OG0009580	1	1	2
OG0009581	1	1	2
OG0009582	1	1	2
OG0009583	1	1	2
OG0009584	1	1	2
OG0009585	1	1	2
OG0009586	1	1	2
OG0009587	1	1	2
OG0009588	1	1	2
OG0009589	1	1	2
OG0009590	1	1	2
OG0009591	1	1	2
OG0009592	1	1	2
OG0009593	1	1	2
OG0009594	1	1	2
OG0009595	1	1	2
OG0009596	1	1	2
OG0009597	1	1	2
OG0009598	1	1	2
OG0009599	1	1	2
OG0009600	1	1	2
OG0009601	1	1	2
OG0009602	1	1	2
OG0009603	1	1	2
OG0009604	1	1	2
OG0009605	1	1	2
OG0009606	1	1	2
OG0009607	1	1	2
OG0009608	1	1	2
OG0009609	1	1	2
OG0009610	1	1	2
OG0009611	1	1	2
OG0009612	1	1	2
OG0009613	1	1	2
OG0009614	1	1	2
OG0009615	1	1	2
OG0009616	1	1	2
OG0009617	1	1	2
OG0009618	1	1	2
OG0009619	1	1	2
OG0009620	1	1	2
OG0009621	1	1	2
OG0009622	1	1	2
OG0009623	1	1	2
OG0009624	1	1	2
OG0009625	1	1	2
OG0009626	1	1	2
OG0009627	1	1	2
OG0009628	1	1	2
OG0009629	1	1	2
OG0009630	1	1	2
OG0009631	1	1	2
OG0009632	1	1	2
OG0009633	1	1	2
OG0009634	1	1	2
OG0009635	1	1	2
OG0009636	1	1	2
OG0009637	1	1	2
OG0009638	1	1	2
OG0009639	1	1	2
OG0009640	1	1	2
OG0009641	1	1	2
OG0009642	1	1	2
OG0009643	1	1	2
OG0009644	1	1	2
OG0009645	1	1	2
OG0009646	1	1	2
OG0009647	1	1	2
OG0009648	1	1	2
OG0009649	1	1	2
OG0009650	1	1	2
OG0009651	1	1	2
OG0009652	1	1	2
OG0009653	1	1	2
OG0009654	1	1	2
OG0009655	1	1	2
OG0009656	1	1	2
OG0009657	1	1	2
OG0009658	1	1	2
OG0009659	1	1	2
OG0009660	1	1	2
OG0009661	1	1	2
OG0009662	1	1	2
OG0009663	1	1	2
OG0009664	1	1	2
OG0009665	1	1	2
OG0009666	1	1	2
OG0009667	1	1	2
OG0009668	1	1	2
OG0009669	1	1	2
OG0009670	1	1	2
OG0009671	1	1	2
OG0009672	1	1	2
OG0009673	1	1	2
OG0009674	1	1	2
OG0009675	1	1	2
OG0009676	1	1	2
OG0009677	1	1	2
OG0009678	1	1	2
OG0009679	1	1	2
OG0009680	1	1	2
OG0009681	1	1	2
OG0009682	1	1	2
OG0009683	1	1	2
OG0009684	1	1	2
OG0009685	1	1	2
OG0009686	1	1	2
OG0009687	1	1	2
OG0009688	1	1	2
OG0009689	1	1	2
OG0009690	1	1	2
OG0009691	1	1	2
OG0009692	1	1	2
OG0009693	1	1	2
OG0009694	1	1	2
OG0009695	1	1	2
OG0009696	1	1	2
OG0009697	1	1	2
OG0009698	1	1	2
OG0009699	1	1	2
OG0009700	1	1	2
OG0009701	1	1	2
OG0009702	1	1	2
OG0009703	1	1	2
OG0009704	1	1	2
OG0009705	1	1	2
OG0009706	1	1	2
OG0009707	1	1	2
OG0009708	1	1	2
OG0009709	1	1	2
OG0009710	1	1	2
OG0009711	1	1	2
OG0009712	1	1	2
OG0009713	1	1	2
OG0009714	1	1	2
OG0009715	1	1	2
OG0009716	1	1	2
OG0009717	1	1	2
OG0009718	1	1	2
OG0009719	1	1	2
OG0009720	1	1	2
OG0009721	1	1	2
OG0009722	1	1	2
OG0009723	1	1	2
OG0009724	1	1	2
OG0009725	1	1	2
OG0009726	1	1	2
OG0009727	1	1	2
OG0009728	1	1	2
OG0009729	1	1	2
OG0009730	1	1	2
OG0009731	1	1	2
OG0009732	1	1	2
OG0009733	1	1	2
OG0009734	1	1	2
OG0009735	1	1	2
OG0009736	1	1	2
OG0009737	1	1	2
OG0009738	1	1	2
OG0009739	2	0	2
OG0009740	1	1	2
OG0009741	1	1	2
OG0009742	1	1	2
OG0009743	1	1	2
OG0009744	1	1	2
OG0009745	1	1	2
OG0009746	1	1	2
OG0009747	1	1	2
OG0009748	1	1	2
OG0009749	1	1	2
OG0009750	1	1	2
OG0009751	1	1	2
OG0009752	1	1	2
OG0009753	1	1	2
OG0009754	1	1	2
OG0009755	1	1	2
OG0009756	1	1	2
OG0009757	1	1	2
OG0009758	1	1	2
OG0009759	1	1	2
OG0009760	1	1	2
OG0009761	1	1	2
OG0009762	1	1	2
OG0009763	1	1	2
OG0009764	1	1	2
OG0009765	1	1	2
OG0009766	1	1	2
OG0009767	1	1	2
OG0009768	1	1	2
OG0009769	1	1	2
OG0009770	1	1	2
OG0009771	1	1	2
OG0009772	1	1	2
OG0009773	1	1	2
OG0009774	1	1	2
OG0009775	1	1	2
OG0009776	1	1	2
OG0009777	1	1	2
OG0009778	1	1	2
OG0009779	1	1	2
OG0009780	1	1	2
OG0009781	1	1	2
OG0009782	1	1	2
OG0009783	1	1	2
OG0009784	1	1	2
OG0009785	1	1	2
OG0009786	1	1	2
OG0009787	1	1	2
OG0009788	1	1	2
OG0009789	1	1	2
OG0009790	1	1	2
OG0009791	1	1	2
OG0009792	1	1	2
OG0009793	1	1	2
OG0009794	1	1	2
OG0009795	1	1	2
OG0009796	1	1	2
OG0009797	1	1	2
OG0009798	1	1	2
OG0009799	1	1	2
OG0009800	1	1	2
OG0009801	1	1	2
OG0009802	1	1	2
OG0009803	1	1	2
OG0009804	1	1	2
OG0009805	1	1	2
OG0009806	1	1	2
OG0009807	1	1	2
OG0009808	1	1	2
OG0009809	1	1	2
OG0009810	1	1	2
OG0009811	1	1	2
OG0009812	1	1	2
OG0009813	1	1	2
OG0009814	1	1	2
OG0009815	1	1	2
OG0009816	1	1	2
OG0009817	1	1	2
OG0009818	1	1	2
OG0009819	1	1	2
OG0009820	1	1	2
OG0009821	1	1	2
OG0009822	1	1	2
OG0009823	1	1	2
OG0009824	1	1	2
OG0009825	1	1	2
OG0009826	1	1	2
OG0009827	1	1	2
OG0009828	1	1	2
OG0009829	1	1	2
OG0009830	1	1	2
OG0009831	1	1	2
OG0009832	1	1	2
OG0009833	1	1	2
OG0009834	1	1	2
OG0009835	1	1	2
OG0009836	1	1	2
OG0009837	1	1	2
OG0009838	1	1	2
OG0009839	1	1	2
OG0009840	1	1	2
OG0009841	1	1	2
OG0009842	1	1	2
OG0009843	1	1	2
OG0009844	1	1	2
OG0009845	1	1	2
OG0009846	1	1	2
OG0009847	1	1	2
OG0009848	1	1	2
OG0009849	1	1	2
OG0009850	1	1	2
OG0009851	1	1	2
OG0009852	1	1	2
OG0009853	1	1	2
OG0009854	1	1	2
OG0009855	1	1	2
OG0009856	1	1	2
OG0009857	1	1	2
OG0009858	1	1	2
OG0009859	1	1	2
OG0009860	1	1	2
OG0009861	1	1	2
OG0009862	1	1	2
OG0009863	1	1	2
OG0009864	1	1	2
OG0009865	1	1	2
OG0009866	1	1	2
OG0009867	1	1	2
OG0009868	1	1	2
OG0009869	1	1	2
OG0009870	1	1	2
OG0009871	1	1	2
OG0009872	1	1	2
OG0009873	1	1	2
OG0009874	1	1	2
OG0009875	1	1	2
OG0009876	1	1	2
OG0009877	1	1	2
OG0009878	1	1	2
OG0009879	1	1	2
OG0009880	1	1	2
OG0009881	1	1	2
OG0009882	1	1	2
OG0009883	1	1	2
OG0009884	1	1	2
OG0009885	1	1	2
OG0009886	1	1	2
OG0009887	1	1	2
OG0009888	1	1	2
OG0009889	1	1	2
OG0009890	1	1	2
OG0009891	1	1	2
OG0009892	1	1	2
OG0009893	1	1	2
OG0009894	1	1	2
OG0009895	1	1	2
OG0009896	1	1	2
OG0009897	1	1	2
OG0009898	1	1	2
OG0009899	1	1	2
OG0009900	1	1	2
OG0009901	1	1	2
OG0009902	1	1	2
OG0009903	1	1	2
OG0009904	1	1	2
OG0009905	1	1	2
OG0009906	1	1	2
OG0009907	1	1	2
OG0009908	1	1	2
OG0009909	1	1	2
OG0009910	1	1	2
OG0009911	1	1	2
OG0009912	1	1	2
OG0009913	1	1	2
OG0009914	1	1	2
OG0009915	1	1	2
OG0009916	1	1	2
OG0009917	1	1	2
OG0009918	1	1	2
OG0009919	1	1	2
OG0009920	1	1	2
OG0009921	1	1	2
OG0009922	1	1	2
OG0009923	1	1	2
OG0009924	1	1	2
OG0009925	1	1	2
OG0009926	1	1	2
OG0009927	1	1	2
OG0009928	1	1	2
OG0009929	1	1	2
OG0009930	1	1	2
OG0009931	1	1	2
OG0009932	1	1	2
OG0009933	1	1	2
OG0009934	1	1	2
OG0009935	1	1	2
OG0009936	1	1	2
OG0009937	1	1	2
OG0009938	1	1	2
OG0009939	1	1	2
OG0009940	1	1	2
OG0009941	1	1	2
OG0009942	1	1	2
OG0009943	1	1	2
OG0009944	1	1	2
OG0009945	1	1	2
OG0009946	1	1	2
OG0009947	1	1	2
OG0009948	1	1	2
OG0009949	1	1	2
OG0009950	1	1	2
OG0009951	1	1	2
OG0009952	1	1	2
OG0009953	1	1	2
OG0009954	1	1	2
OG0009955	1	1	2
OG0009956	1	1	2
OG0009957	1	1	2
OG0009958	1	1	2
OG0009959	1	1	2
OG0009960	1	1	2
OG0009961	1	1	2
OG0009962	1	1	2
OG0009963	1	1	2
OG0009964	1	1	2
OG0009965	1	1	2
OG0009966	1	1	2
OG0009967	1	1	2
OG0009968	1	1	2
OG0009969	1	1	2
OG0009970	1	1	2
OG0009971	1	1	2
OG0009972	1	1	2
OG0009973	1	1	2
OG0009974	1	1	2
OG0009975	1	1	2
OG0009976	1	1	2
OG0009977	1	1	2
OG0009978	1	1	2
OG0009979	1	1	2
OG0009980	1	1	2
OG0009981	1	1	2
OG0009982	1	1	2
OG0009983	1	1	2
OG0009984	1	1	2
OG0009985	1	1	2
OG0009986	1	1	2
OG0009987	1	1	2
OG0009988	1	1	2
OG0009989	1	1	2
OG0009990	1	1	2
OG0009991	1	1	2
OG0009992	1	1	2
OG0009993	1	1	2
OG0009994	1	1	2
OG0009995	1	1	2
OG0009996	1	1	2
OG0009997	1	1	2
OG0009998	1	1	2
OG0009999	1	1	2
OG0010000	1	1	2
OG0010001	1	1	2
OG0010002	1	1	2
OG0010003	1	1	2
OG0010004	1	1	2
OG0010005	1	1	2
OG0010006	1	1	2
OG0010007	1	1	2
OG0010008	1	1	2
OG0010009	1	1	2
OG0010010	1	1	2
OG0010011	1	1	2
OG0010012	1	1	2
OG0010013	1	1	2
OG0010014	1	1	2
OG0010015	1	1	2
OG0010016	1	1	2
OG0010017	1	1	2
OG0010018	1	1	2
OG0010019	1	1	2
OG0010020	1	1	2
OG0010021	1	1	2
OG0010022	1	1	2
OG0010023	1	1	2
OG0010024	1	1	2
OG0010025	1	1	2
OG0010026	1	1	2
OG0010027	1	1	2
OG0010028	1	1	2
OG0010029	1	1	2
OG0010030	1	1	2
OG0010031	1	1	2
OG0010032	1	1	2
OG0010033	1	1	2
OG0010034	1	1	2
OG0010035	1	1	2
OG0010036	1	1	2
OG0010037	1	1	2
OG0010038	1	1	2
OG0010039	1	1	2
OG0010040	1	1	2
OG0010041	1	1	2
OG0010042	1	1	2
OG0010043	1	1	2
OG0010044	1	1	2
OG0010045	1	1	2
OG0010046	1	1	2
OG0010047	1	1	2
OG0010048	1	1	2
OG0010049	1	1	2
OG0010050	1	1	2
OG0010051	1	1	2
OG0010052	1	1	2
OG0010053	1	1	2
OG0010054	1	1	2
OG0010055	1	1	2
OG0010056	1	1	2
OG0010057	1	1	2
OG0010058	1	1	2
OG0010059	1	1	2
OG0010060	1	1	2
OG0010061	1	1	2
OG0010062	1	1	2
OG0010063	1	1	2
OG0010064	1	1	2
OG0010065	1	1	2
OG0010066	1	1	2
OG0010067	1	1	2
OG0010068	1	1	2
OG0010069	1	1	2
OG0010070	1	1	2
OG0010071	1	1	2
OG0010072	1	1	2
OG0010073	1	1	2
OG0010074	1	1	2
OG0010075	1	1	2
OG0010076	1	1	2
OG0010077	1	1	2
OG0010078	1	1	2
OG0010079	1	1	2
OG0010080	1	1	2
OG0010081	1	1	2
OG0010082	1	1	2
OG0010083	1	1	2
OG0010084	1	1	2
OG0010085	1	1	2
OG0010086	1	1	2
OG0010087	1	1	2
OG0010088	1	1	2
OG0010089	1	1	2
OG0010090	1	1	2
OG0010091	1	1	2
OG0010092	1	1	2
OG0010093	1	1	2
OG0010094	1	1	2
OG0010095	1	1	2
OG0010096	1	1	2
OG0010097	1	1	2
OG0010098	1	1	2
OG0010099	1	1	2
OG0010100	1	1	2
OG0010101	1	1	2
OG0010102	1	1	2
OG0010103	1	1	2
OG0010104	1	1	2
OG0010105	1	1	2
OG0010106	1	1	2
OG0010107	1	1	2
OG0010108	1	1	2
OG0010109	1	1	2
OG0010110	1	1	2
OG0010111	1	1	2
OG0010112	1	1	2
OG0010113	1	1	2
OG0010114	1	1	2
OG0010115	1	1	2
OG0010116	1	1	2
OG0010117	1	1	2
OG0010118	1	1	2
OG0010119	1	1	2
OG0010120	1	1	2
OG0010121	1	1	2
OG0010122	1	1	2
OG0010123	1	1	2
OG0010124	1	1	2
OG0010125	1	1	2
OG0010126	1	1	2
OG0010127	1	1	2
OG0010128	1	1	2
OG0010129	1	1	2
OG0010130	1	1	2
OG0010131	1	1	2
OG0010132	1	1	2
OG0010133	1	1	2
OG0010134	1	1	2
OG0010135	1	1	2
OG0010136	1	1	2
OG0010137	1	1	2
OG0010138	1	1	2
OG0010139	1	1	2
OG0010140	1	1	2
OG0010141	1	1	2
OG0010142	1	1	2
OG0010143	1	1	2
OG0010144	1	1	2
OG0010145	1	1	2
OG0010146	1	1	2
OG0010147	1	1	2
OG0010148	1	1	2
OG0010149	1	1	2
OG0010150	1	1	2
OG0010151	1	1	2
OG0010152	1	1	2
OG0010153	1	1	2
OG0010154	1	1	2
OG0010155	1	1	2
OG0010156	1	1	2
OG0010157	1	1	2
OG0010158	1	1	2
OG0010159	1	1	2
OG0010160	1	1	2
OG0010161	1	1	2
OG0010162	1	1	2
OG0010163	1	1	2
OG0010164	1	1	2
OG0010165	1	1	2
OG0010166	1	1	2
OG0010167	1	1	2
OG0010168	1	1	2
OG0010169	1	1	2
OG0010170	1	1	2
OG0010171	1	1	2
OG0010172	1	1	2
OG0010173	1	1	2
OG0010174	1	1	2
OG0010175	1	1	2
OG0010176	1	1	2
OG0010177	1	1	2
OG0010178	1	1	2
OG0010179	1	1	2
OG0010180	1	1	2
OG0010181	1	1	2
OG0010182	1	1	2
OG0010183	1	1	2
OG0010184	1	1	2
OG0010185	1	1	2
OG0010186	1	1	2
OG0010187	1	1	2
OG0010188	1	1	2
OG0010189	1	1	2
OG0010190	1	1	2
OG0010191	1	1	2
OG0010192	1	1	2
OG0010193	1	1	2
OG0010194	1	1	2
OG0010195	1	1	2
OG0010196	1	1	2
OG0010197	1	1	2
OG0010198	1	1	2
OG0010199	1	1	2
OG0010200	1	1	2
OG0010201	1	1	2
OG0010202	1	1	2
OG0010203	1	1	2
OG0010204	1	1	2
OG0010205	1	1	2
OG0010206	1	1	2
OG0010207	1	1	2
OG0010208	1	1	2
OG0010209	1	1	2
OG0010210	1	1	2
OG0010211	1	1	2
OG0010212	1	1	2
OG0010213	1	1	2
OG0010214	1	1	2
OG0010215	1	1	2
OG0010216	1	1	2
OG0010217	1	1	2
OG0010218	1	1	2
OG0010219	1	1	2
OG0010220	1	1	2
OG0010221	1	1	2
OG0010222	1	1	2
OG0010223	1	1	2
OG0010224	1	1	2
OG0010225	1	1	2
OG0010226	1	1	2
OG0010227	1	1	2
OG0010228	1	1	2
OG0010229	1	1	2
OG0010230	1	1	2
OG0010231	1	1	2
OG0010232	1	1	2
OG0010233	1	1	2
OG0010234	1	1	2
OG0010235	1	1	2
OG0010236	1	1	2
OG0010237	1	1	2
OG0010238	1	1	2
OG0010239	1	1	2
OG0010240	1	1	2
OG0010241	1	1	2
OG0010242	1	1	2
OG0010243	1	1	2
OG0010244	1	1	2
OG0010245	1	1	2
OG0010246	1	1	2
OG0010247	1	1	2
OG0010248	1	1	2
OG0010249	1	1	2
OG0010250	1	1	2
OG0010251	1	1	2
OG0010252	1	1	2
OG0010253	1	1	2
OG0010254	1	1	2
OG0010255	1	1	2
OG0010256	1	1	2
OG0010257	1	1	2
OG0010258	1	1	2
OG0010259	1	1	2
OG0010260	1	1	2
OG0010261	1	1	2
OG0010262	1	1	2
OG0010263	1	1	2
OG0010264	1	1	2
OG0010265	1	1	2
OG0010266	1	1	2
OG0010267	1	1	2
OG0010268	1	1	2
OG0010269	1	1	2
OG0010270	1	1	2
OG0010271	1	1	2
OG0010272	1	1	2
OG0010273	1	1	2
OG0010274	1	1	2
OG0010275	1	1	2
OG0010276	1	1	2
OG0010277	1	1	2
OG0010278	1	1	2
OG0010279	1	1	2
OG0010280	1	1	2
OG0010281	1	1	2
OG0010282	1	1	2
OG0010283	1	1	2
OG0010284	1	1	2
OG0010285	1	1	2
OG0010286	1	1	2
OG0010287	1	1	2
OG0010288	1	1	2
OG0010289	1	1	2
OG0010290	1	1	2
OG0010291	1	1	2
OG0010292	1	1	2
OG0010293	1	1	2
OG0010294	1	1	2
OG0010295	1	1	2
OG0010296	1	1	2
OG0010297	1	1	2
OG0010298	1	1	2
OG0010299	1	1	2
OG0010300	1	1	2
OG0010301	1	1	2
OG0010302	1	1	2
OG0010303	1	1	2
OG0010304	1	1	2
OG0010305	1	1	2
OG0010306	1	1	2
OG0010307	1	1	2
OG0010308	1	1	2
OG0010309	1	1	2
OG0010310	1	1	2
OG0010311	1	1	2
OG0010312	1	1	2
OG0010313	1	1	2
OG0010314	1	1	2
OG0010315	1	1	2
OG0010316	1	1	2
OG0010317	1	1	2
OG0010318	1	1	2
OG0010319	1	1	2
OG0010320	1	1	2
OG0010321	1	1	2
OG0010322	1	1	2
OG0010323	1	1	2
OG0010324	1	1	2
OG0010325	1	1	2
OG0010326	1	1	2
OG0010327	1	1	2
OG0010328	1	1	2
OG0010329	1	1	2
OG0010330	1	1	2
OG0010331	1	1	2
OG0010332	1	1	2
OG0010333	1	1	2
OG0010334	1	1	2
OG0010335	1	1	2
OG0010336	1	1	2
OG0010337	1	1	2
OG0010338	1	1	2
OG0010339	1	1	2
OG0010340	1	1	2
OG0010341	1	1	2
OG0010342	1	1	2
OG0010343	1	1	2
OG0010344	1	1	2
OG0010345	1	1	2
OG0010346	1	1	2
OG0010347	1	1	2
OG0010348	1	1	2
OG0010349	1	1	2
OG0010350	1	1	2
OG0010351	1	1	2
OG0010352	1	1	2
OG0010353	1	1	2
OG0010354	1	1	2
OG0010355	1	1	2
OG0010356	1	1	2
OG0010357	1	1	2
OG0010358	1	1	2
OG0010359	1	1	2
OG0010360	1	1	2
OG0010361	1	1	2
OG0010362	1	1	2
OG0010363	1	1	2
OG0010364	1	1	2
OG0010365	1	1	2
OG0010366	1	1	2
OG0010367	1	1	2
OG0010368	1	1	2
OG0010369	1	1	2
OG0010370	1	1	2
OG0010371	1	1	2
OG0010372	1	1	2
OG0010373	1	1	2
OG0010374	1	1	2
OG0010375	1	1	2
OG0010376	1	1	2
OG0010377	1	1	2
OG0010378	1	1	2
OG0010379	1	1	2
OG0010380	1	1	2
OG0010381	1	1	2
OG0010382	1	1	2
OG0010383	1	1	2
OG0010384	1	1	2
OG0010385	1	1	2
OG0010386	1	1	2
OG0010387	1	1	2
OG0010388	1	1	2
OG0010389	1	1	2
OG0010390	1	1	2
OG0010391	1	1	2
OG0010392	1	1	2
OG0010393	1	1	2
OG0010394	1	1	2
OG0010395	1	1	2
OG0010396	1	1	2
OG0010397	1	1	2
OG0010398	1	1	2
OG0010399	1	1	2
OG0010400	1	1	2
OG0010401	1	1	2
OG0010402	1	1	2
OG0010403	1	1	2
OG0010404	1	1	2
OG0010405	1	1	2
OG0010406	1	1	2
OG0010407	1	1	2
OG0010408	1	1	2
OG0010409	1	1	2
OG0010410	1	1	2
OG0010411	1	1	2
OG0010412	1	1	2
OG0010413	1	1	2
OG0010414	1	1	2
OG0010415	1	1	2
OG0010416	1	1	2
OG0010417	1	1	2
OG0010418	1	1	2
OG0010419	1	1	2
OG0010420	1	1	2
OG0010421	1	1	2
OG0010422	1	1	2
OG0010423	1	1	2
OG0010424	1	1	2
OG0010425	1	1	2
OG0010426	1	1	2
OG0010427	1	1	2
OG0010428	1	1	2
OG0010429	1	1	2
OG0010430	1	1	2
OG0010431	1	1	2
OG0010432	1	1	2
OG0010433	1	1	2
OG0010434	1	1	2
OG0010435	1	1	2
OG0010436	1	1	2
OG0010437	1	1	2
OG0010438	1	1	2
OG0010439	1	1	2
OG0010440	1	1	2
OG0010441	1	1	2
OG0010442	1	1	2
OG0010443	1	1	2
OG0010444	1	1	2
OG0010445	1	1	2
OG0010446	1	1	2
OG0010447	1	1	2
OG0010448	1	1	2
OG0010449	1	1	2
OG0010450	1	1	2
OG0010451	1	1	2
OG0010452	1	1	2
OG0010453	1	1	2
OG0010454	1	1	2
OG0010455	1	1	2
OG0010456	1	1	2
OG0010457	1	1	2
OG0010458	1	1	2
OG0010459	1	1	2
OG0010460	1	1	2
OG0010461	1	1	2
OG0010462	1	1	2
OG0010463	1	1	2
OG0010464	1	1	2
OG0010465	1	1	2
OG0010466	1	1	2
OG0010467	1	1	2
OG0010468	1	1	2
OG0010469	1	1	2
OG0010470	1	1	2
OG0010471	1	1	2
OG0010472	1	1	2
OG0010473	1	1	2
OG0010474	1	1	2
OG0010475	1	1	2
OG0010476	1	1	2
OG0010477	1	1	2
OG0010478	1	1	2
OG0010479	1	1	2
OG0010480	1	1	2
OG0010481	1	1	2
OG0010482	1	1	2
OG0010483	1	1	2
OG0010484	1	1	2
OG0010485	1	1	2
OG0010486	1	1	2
OG0010487	1	1	2
OG0010488	1	1	2
OG0010489	1	1	2
OG0010490	1	1	2
OG0010491	1	1	2
OG0010492	1	1	2
OG0010493	1	1	2
OG0010494	1	1	2
OG0010495	1	1	2
OG0010496	1	1	2
OG0010497	1	1	2
OG0010498	1	1	2
OG0010499	1	1	2
OG0010500	1	1	2
OG0010501	1	1	2
OG0010502	1	1	2
OG0010503	1	1	2
OG0010504	1	1	2
OG0010505	1	1	2
OG0010506	1	1	2
OG0010507	1	1	2
OG0010508	1	1	2
OG0010509	1	1	2
OG0010510	1	1	2
OG0010511	1	1	2
OG0010512	1	1	2
OG0010513	1	1	2
OG0010514	1	1	2
OG0010515	1	1	2
OG0010516	1	1	2
OG0010517	1	1	2
OG0010518	1	1	2
OG0010519	1	1	2
OG0010520	1	1	2
OG0010521	1	1	2
OG0010522	1	1	2
OG0010523	1	1	2
OG0010524	1	1	2
OG0010525	1	1	2
OG0010526	1	1	2
OG0010527	1	1	2
OG0010528	1	1	2
OG0010529	1	1	2
OG0010530	1	1	2
OG0010531	1	1	2
OG0010532	1	1	2
OG0010533	1	1	2
OG0010534	1	1	2
OG0010535	1	1	2
OG0010536	1	1	2
OG0010537	1	1	2
OG0010538	1	1	2
OG0010539	1	1	2
OG0010540	1	1	2
OG0010541	1	1	2
OG0010542	1	1	2
OG0010543	1	1	2
OG0010544	1	1	2
OG0010545	1	1	2
OG0010546	1	1	2
OG0010547	1	1	2
OG0010548	1	1	2
OG0010549	1	1	2
OG0010550	1	1	2
OG0010551	1	1	2
OG0010552	1	1	2
OG0010553	1	1	2
OG0010554	1	1	2
OG0010555	1	1	2
OG0010556	1	1	2
OG0010557	1	1	2
OG0010558	1	1	2
OG0010559	1	1	2
OG0010560	1	1	2
OG0010561	1	1	2
OG0010562	1	1	2
OG0010563	1	1	2
OG0010564	1	1	2
OG0010565	1	1	2
OG0010566	1	1	2
OG0010567	1	1	2
OG0010568	1	1	2
OG0010569	1	1	2
OG0010570	1	1	2
OG0010571	1	1	2
OG0010572	1	1	2
OG0010573	1	1	2
OG0010574	1	1	2
OG0010575	1	1	2
OG0010576	1	1	2
OG0010577	1	1	2
OG0010578	1	1	2
OG0010579	1	1	2
OG0010580	1	1	2
OG0010581	1	1	2
OG0010582	1	1	2
OG0010583	1	1	2
OG0010584	1	1	2
OG0010585	1	1	2
OG0010586	1	1	2
OG0010587	1	1	2
OG0010588	1	1	2
OG0010589	1	1	2
OG0010590	1	1	2
OG0010591	1	1	2
OG0010592	1	1	2
OG0010593	1	1	2
OG0010594	1	1	2
OG0010595	1	1	2
OG0010596	1	1	2
OG0010597	1	1	2
OG0010598	1	1	2
OG0010599	1	1	2
OG0010600	1	1	2
OG0010601	1	1	2
OG0010602	1	1	2
OG0010603	1	1	2
OG0010604	1	1	2
OG0010605	1	1	2
OG0010606	1	1	2
OG0010607	1	1	2
OG0010608	1	1	2
OG0010609	1	1	2
OG0010610	1	1	2
OG0010611	1	1	2
OG0010612	1	1	2
OG0010613	1	1	2
OG0010614	1	1	2
OG0010615	1	1	2
OG0010616	1	1	2
OG0010617	1	1	2
OG0010618	1	1	2
OG0010619	1	1	2
OG0010620	1	1	2
OG0010621	1	1	2
OG0010622	1	1	2
OG0010623	1	1	2
OG0010624	1	1	2
OG0010625	1	1	2
OG0010626	1	1	2
OG0010627	1	1	2
OG0010628	1	1	2
OG0010629	1	1	2
OG0010630	1	1	2
OG0010631	1	1	2
OG0010632	1	1	2
OG0010633	1	1	2
OG0010634	1	1	2
OG0010635	1	1	2
OG0010636	1	1	2
OG0010637	1	1	2
OG0010638	1	1	2
OG0010639	1	1	2
OG0010640	1	1	2
OG0010641	1	1	2
OG0010642	1	1	2
OG0010643	1	1	2
OG0010644	1	1	2
OG0010645	1	1	2
OG0010646	1	1	2
OG0010647	1	1	2
OG0010648	1	1	2
OG0010649	1	1	2
OG0010650	1	1	2
OG0010651	1	1	2
OG0010652	1	1	2
OG0010653	1	1	2
OG0010654	1	1	2
OG0010655	1	1	2
OG0010656	1	1	2
OG0010657	1	1	2
OG0010658	1	1	2
OG0010659	1	1	2
OG0010660	1	1	2
OG0010661	1	1	2
OG0010662	1	1	2
OG0010663	1	1	2
OG0010664	1	1	2
OG0010665	1	1	2
OG0010666	1	1	2
OG0010667	1	1	2
OG0010668	1	1	2
OG0010669	1	1	2
OG0010670	1	1	2
OG0010671	1	1	2
OG0010672	1	1	2
OG0010673	1	1	2
OG0010674	1	1	2
OG0010675	1	1	2
OG0010676	1	1	2
OG0010677	1	1	2
OG0010678	1	1	2
OG0010679	1	1	2
OG0010680	1	1	2
OG0010681	1	1	2
OG0010682	1	1	2
OG0010683	1	1	2
OG0010684	1	1	2
OG0010685	1	1	2
OG0010686	1	1	2
OG0010687	1	1	2
OG0010688	1	1	2
OG0010689	1	1	2
OG0010690	1	1	2
OG0010691	1	1	2
OG0010692	1	1	2
OG0010693	1	1	2
OG0010694	1	1	2
OG0010695	1	1	2
OG0010696	1	1	2
OG0010697	1	1	2
OG0010698	1	1	2
OG0010699	1	1	2
OG0010700	1	1	2
OG0010701	1	1	2
OG0010702	1	1	2
OG0010703	1	1	2
OG0010704	1	1	2
OG0010705	1	1	2
OG0010706	1	1	2
OG0010707	1	1	2
OG0010708	1	1	2
OG0010709	1	1	2
OG0010710	1	1	2
OG0010711	1	1	2
OG0010712	1	1	2
OG0010713	1	1	2
OG0010714	1	1	2
OG0010715	1	1	2
OG0010716	1	1	2
OG0010717	1	1	2
OG0010718	1	1	2
OG0010719	1	1	2
OG0010720	1	1	2
OG0010721	1	1	2
OG0010722	1	1	2
OG0010723	1	1	2
OG0010724	1	1	2
OG0010725	1	1	2
OG0010726	1	1	2
OG0010727	1	1	2
OG0010728	1	1	2
OG0010729	1	1	2
OG0010730	1	1	2
OG0010731	1	1	2
OG0010732	1	1	2
OG0010733	1	1	2
OG0010734	1	1	2
OG0010735	1	1	2
OG0010736	1	1	2
OG0010737	1	1	2
OG0010738	1	1	2
OG0010739	1	1	2
OG0010740	1	1	2
OG0010741	1	1	2
OG0010742	1	1	2
OG0010743	1	1	2
OG0010744	1	1	2
OG0010745	1	1	2
OG0010746	1	1	2
OG0010747	1	1	2
OG0010748	1	1	2
OG0010749	1	1	2
OG0010750	1	1	2
OG0010751	1	1	2
OG0010752	1	1	2
OG0010753	1	1	2
OG0010754	1	1	2
OG0010755	1	1	2
OG0010756	1	1	2
OG0010757	1	1	2
OG0010758	1	1	2
OG0010759	1	1	2
OG0010760	1	1	2
OG0010761	1	1	2
OG0010762	1	1	2
OG0010763	1	1	2
OG0010764	1	1	2
OG0010765	1	1	2
OG0010766	1	1	2
OG0010767	1	1	2
OG0010768	1	1	2
OG0010769	1	1	2
OG0010770	1	1	2
OG0010771	1	1	2
OG0010772	1	1	2
OG0010773	1	1	2
OG0010774	1	1	2
OG0010775	1	1	2
OG0010776	1	1	2
OG0010777	1	1	2
OG0010778	1	1	2
OG0010779	1	1	2
OG0010780	1	1	2
OG0010781	1	1	2
OG0010782	1	1	2
OG0010783	1	1	2
OG0010784	1	1	2
OG0010785	1	1	2
OG0010786	1	1	2
OG0010787	1	1	2
OG0010788	1	1	2
OG0010789	1	1	2
OG0010790	1	1	2
OG0010791	1	1	2
OG0010792	1	1	2
OG0010793	1	1	2
OG0010794	1	1	2
OG0010795	1	1	2
OG0010796	1	1	2
OG0010797	1	1	2
OG0010798	1	1	2
OG0010799	1	1	2
OG0010800	1	1	2
OG0010801	1	1	2
OG0010802	1	1	2
OG0010803	1	1	2
OG0010804	1	1	2
OG0010805	1	1	2
OG0010806	1	1	2
OG0010807	1	1	2
OG0010808	1	1	2
OG0010809	1	1	2
OG0010810	1	1	2
OG0010811	1	1	2
OG0010812	1	1	2
OG0010813	1	1	2
OG0010814	1	1	2
OG0010815	1	1	2
OG0010816	1	1	2
OG0010817	1	1	2
OG0010818	1	1	2
OG0010819	1	1	2
OG0010820	1	1	2
OG0010821	1	1	2
OG0010822	1	1	2
OG0010823	1	1	2
OG0010824	1	1	2
OG0010825	1	1	2
OG0010826	1	1	2
OG0010827	1	1	2
OG0010828	1	1	2
OG0010829	1	1	2
OG0010830	1	1	2
OG0010831	1	1	2
OG0010832	1	1	2
OG0010833	1	1	2
OG0010834	1	1	2
OG0010835	1	1	2
OG0010836	1	1	2
OG0010837	1	1	2
OG0010838	1	1	2
OG0010839	1	1	2
OG0010840	1	1	2
OG0010841	1	1	2
OG0010842	1	1	2
OG0010843	1	1	2
OG0010844	1	1	2
OG0010845	1	1	2
OG0010846	1	1	2
OG0010847	1	1	2
OG0010848	1	1	2
OG0010849	1	1	2
OG0010850	1	1	2
OG0010851	1	1	2
OG0010852	1	1	2
OG0010853	1	1	2
OG0010854	1	1	2
OG0010855	1	1	2
OG0010856	1	1	2
OG0010857	1	1	2
OG0010858	1	1	2
OG0010859	1	1	2
OG0010860	1	1	2
OG0010861	1	1	2
OG0010862	1	1	2
OG0010863	1	1	2
OG0010864	1	1	2
OG0010865	1	1	2
OG0010866	1	1	2
OG0010867	1	1	2
OG0010868	1	1	2
OG0010869	1	1	2
OG0010870	1	1	2
OG0010871	1	1	2
OG0010872	1	1	2
OG0010873	1	1	2
OG0010874	1	1	2
OG0010875	1	1	2
OG0010876	1	1	2
OG0010877	1	1	2
OG0010878	1	1	2
OG0010879	1	1	2
OG0010880	1	1	2
OG0010881	1	1	2
OG0010882	1	1	2
OG0010883	1	1	2
OG0010884	1	1	2
OG0010885	1	1	2
OG0010886	1	1	2
OG0010887	1	1	2
OG0010888	1	1	2
OG0010889	1	1	2
OG0010890	1	1	2
OG0010891	1	1	2
OG0010892	1	1	2
OG0010893	1	1	2
OG0010894	1	1	2
OG0010895	1	1	2
OG0010896	1	1	2
OG0010897	1	1	2
OG0010898	1	1	2
OG0010899	1	1	2
OG0010900	1	1	2
OG0010901	1	1	2
OG0010902	1	1	2
OG0010903	1	1	2
OG0010904	1	1	2
OG0010905	1	1	2
OG0010906	1	1	2
OG0010907	1	1	2
OG0010908	1	1	2
OG0010909	1	1	2
OG0010910	1	1	2
OG0010911	1	1	2
OG0010912	1	1	2
OG0010913	1	1	2
OG0010914	1	1	2
OG0010915	1	1	2
OG0010916	1	1	2
OG0010917	1	1	2
OG0010918	1	1	2
OG0010919	1	1	2
OG0010920	1	1	2
OG0010921	1	1	2
OG0010922	1	1	2
OG0010923	1	1	2
OG0010924	1	1	2
OG0010925	1	1	2
OG0010926	1	1	2
OG0010927	1	1	2
OG0010928	1	1	2
OG0010929	1	1	2
OG0010930	1	1	2
OG0010931	1	1	2
OG0010932	1	1	2
OG0010933	1	1	2
OG0010934	1	1	2
OG0010935	1	1	2
OG0010936	1	1	2
OG0010937	1	1	2
OG0010938	1	1	2
OG0010939	1	1	2
OG0010940	1	1	2
OG0010941	1	1	2
OG0010942	1	1	2
OG0010943	1	1	2
OG0010944	1	1	2
OG0010945	1	1	2
OG0010946	1	1	2
OG0010947	1	1	2
OG0010948	1	1	2
OG0010949	1	1	2
OG0010950	1	1	2
OG0010951	1	1	2
OG0010952	1	1	2
OG0010953	1	1	2
OG0010954	1	1	2
OG0010955	1	1	2
OG0010956	1	1	2
OG0010957	1	1	2
OG0010958	1	1	2
OG0010959	1	1	2
OG0010960	1	1	2
OG0010961	1	1	2
OG0010962	1	1	2
OG0010963	1	1	2
OG0010964	1	1	2
OG0010965	1	1	2
OG0010966	1	1	2
OG0010967	1	1	2
OG0010968	1	1	2
OG0010969	1	1	2
OG0010970	1	1	2
OG0010971	1	1	2
OG0010972	1	1	2
OG0010973	1	1	2
OG0010974	1	1	2
OG0010975	1	1	2
OG0010976	1	1	2
OG0010977	1	1	2
OG0010978	1	1	2
OG0010979	1	1	2
OG0010980	1	1	2
OG0010981	1	1	2
OG0010982	1	1	2
OG0010983	1	1	2
OG0010984	1	1	2
OG0010985	1	1	2
OG0010986	1	1	2
OG0010987	1	1	2
OG0010988	1	1	2
OG0010989	1	1	2
OG0010990	1	1	2
OG0010991	1	1	2
OG0010992	1	1	2
OG0010993	1	1	2
OG0010994	1	1	2
OG0010995	1	1	2
OG0010996	1	1	2
OG0010997	1	1	2
OG0010998	1	1	2
OG0010999	1	1	2
OG0011000	1	1	2
OG0011001	1	1	2
OG0011002	1	1	2
OG0011003	1	1	2
OG0011004	1	1	2
OG0011005	1	1	2
OG0011006	1	1	2
OG0011007	1	1	2
OG0011008	1	1	2
OG0011009	1	1	2
OG0011010	1	1	2
OG0011011	1	1	2
OG0011012	1	1	2
OG0011013	1	1	2
OG0011014	1	1	2
OG0011015	1	1	2
OG0011016	1	1	2
OG0011017	1	1	2
OG0011018	1	1	2
OG0011019	1	1	2
OG0011020	1	1	2
OG0011021	1	1	2
OG0011022	1	1	2
OG0011023	1	1	2
OG0011024	1	1	2
OG0011025	1	1	2
OG0011026	1	1	2
OG0011027	1	1	2
OG0011028	1	1	2
OG0011029	1	1	2
OG0011030	1	1	2
OG0011031	1	1	2
OG0011032	1	1	2
OG0011033	1	1	2
OG0011034	1	1	2
OG0011035	1	1	2
OG0011036	1	1	2
OG0011037	1	1	2
OG0011038	1	1	2
OG0011039	1	1	2
OG0011040	1	1	2
OG0011041	1	1	2
OG0011042	1	1	2
OG0011043	1	1	2
OG0011044	1	1	2
OG0011045	1	1	2
OG0011046	1	1	2
OG0011047	1	1	2
OG0011048	1	1	2
OG0011049	1	1	2
OG0011050	1	1	2
OG0011051	1	1	2
OG0011052	1	1	2
OG0011053	1	1	2
OG0011054	1	1	2
OG0011055	1	1	2
OG0011056	1	1	2
OG0011057	1	1	2
OG0011058	1	1	2
OG0011059	1	1	2
OG0011060	1	1	2
OG0011061	1	1	2
OG0011062	1	1	2
OG0011063	1	1	2
OG0011064	1	1	2
OG0011065	1	1	2
OG0011066	1	1	2
OG0011067	1	1	2
OG0011068	1	1	2
OG0011069	1	1	2
OG0011070	1	1	2
OG0011071	1	1	2
OG0011072	1	1	2
OG0011073	1	1	2
OG0011074	1	1	2
OG0011075	1	1	2
OG0011076	1	1	2
OG0011077	1	1	2
OG0011078	1	1	2
OG0011079	1	1	2
OG0011080	1	1	2
OG0011081	1	1	2
OG0011082	1	1	2
OG0011083	1	1	2
OG0011084	1	1	2
OG0011085	1	1	2
OG0011086	1	1	2
OG0011087	1	1	2
OG0011088	1	1	2
OG0011089	1	1	2
OG0011090	1	1	2
OG0011091	1	1	2
OG0011092	1	1	2
OG0011093	1	1	2
OG0011094	1	1	2
OG0011095	1	1	2
OG0011096	1	1	2
OG0011097	1	1	2
OG0011098	1	1	2
OG0011099	1	1	2
OG0011100	1	1	2
OG0011101	1	1	2
OG0011102	1	1	2
OG0011103	1	1	2
OG0011104	1	1	2
OG0011105	1	1	2
OG0011106	1	1	2
OG0011107	1	1	2
OG0011108	1	1	2
OG0011109	1	1	2
OG0011110	1	1	2
OG0011111	1	1	2
OG0011112	1	1	2
OG0011113	1	1	2
OG0011114	1	1	2
OG0011115	1	1	2
OG0011116	1	1	2
OG0011117	1	1	2
OG0011118	1	1	2
OG0011119	1	1	2
OG0011120	1	1	2
OG0011121	1	1	2
OG0011122	1	1	2
OG0011123	1	1	2
OG0011124	1	1	2
OG0011125	1	1	2
OG0011126	1	1	2
OG0011127	1	1	2
OG0011128	1	1	2
OG0011129	1	1	2
OG0011130	1	1	2
OG0011131	1	1	2
OG0011132	1	1	2
OG0011133	1	1	2
OG0011134	1	1	2
OG0011135	1	1	2
OG0011136	1	1	2
OG0011137	1	1	2
OG0011138	1	1	2
OG0011139	1	1	2
OG0011140	1	1	2
OG0011141	1	1	2
OG0011142	1	1	2
OG0011143	1	1	2
OG0011144	1	1	2
OG0011145	1	1	2
OG0011146	1	1	2
OG0011147	1	1	2
OG0011148	1	1	2
OG0011149	1	1	2
OG0011150	1	1	2
OG0011151	1	1	2
OG0011152	1	1	2
OG0011153	1	1	2
OG0011154	1	1	2
OG0011155	1	1	2
OG0011156	1	1	2
OG0011157	1	1	2
OG0011158	1	1	2
OG0011159	1	1	2
OG0011160	1	1	2
OG0011161	1	1	2
OG0011162	1	1	2
OG0011163	1	1	2
OG0011164	1	1	2
OG0011165	1	1	2
OG0011166	1	1	2
OG0011167	1	1	2
OG0011168	1	1	2
OG0011169	1	1	2
OG0011170	1	1	2
OG0011171	1	1	2
OG0011172	1	1	2
OG0011173	1	1	2
OG0011174	1	1	2
OG0011175	1	1	2
OG0011176	1	1	2
OG0011177	1	1	2
OG0011178	1	1	2
OG0011179	1	1	2
OG0011180	1	1	2
OG0011181	1	1	2
OG0011182	1	1	2
OG0011183	1	1	2
OG0011184	1	1	2
OG0011185	1	1	2
OG0011186	1	1	2
OG0011187	1	1	2
OG0011188	1	1	2
OG0011189	1	1	2
OG0011190	1	1	2
OG0011191	1	1	2
OG0011192	1	1	2
OG0011193	1	1	2
OG0011194	1	1	2
OG0011195	1	1	2
OG0011196	1	1	2
OG0011197	1	1	2
OG0011198	1	1	2
OG0011199	1	1	2
OG0011200	1	1	2
OG0011201	1	1	2
OG0011202	1	1	2
OG0011203	1	1	2
OG0011204	1	1	2
OG0011205	1	1	2
OG0011206	1	1	2
OG0011207	1	1	2
OG0011208	1	1	2
OG0011209	1	1	2
OG0011210	1	1	2
OG0011211	1	1	2
OG0011212	1	1	2
OG0011213	1	1	2
OG0011214	1	1	2
OG0011215	1	1	2
OG0011216	1	1	2
OG0011217	1	1	2
OG0011218	1	1	2
OG0011219	1	1	2
OG0011220	1	1	2
OG0011221	1	1	2
OG0011222	1	1	2
OG0011223	1	1	2
OG0011224	1	1	2
OG0011225	1	1	2
OG0011226	1	1	2
OG0011227	1	1	2
OG0011228	1	1	2
OG0011229	1	1	2
OG0011230	1	1	2
OG0011231	1	1	2
OG0011232	1	1	2
OG0011233	1	1	2
OG0011234	1	1	2
OG0011235	1	1	2
OG0011236	1	1	2
OG0011237	1	1	2
OG0011238	1	1	2
OG0011239	1	1	2
OG0011240	1	1	2
OG0011241	1	1	2
OG0011242	1	1	2
OG0011243	1	1	2
OG0011244	1	1	2
OG0011245	1	1	2
OG0011246	1	1	2
OG0011247	1	1	2
OG0011248	1	1	2
OG0011249	1	1	2
OG0011250	1	1	2
OG0011251	1	1	2
OG0011252	1	1	2
OG0011253	1	1	2
OG0011254	1	1	2
OG0011255	1	1	2
OG0011256	1	1	2
OG0011257	1	1	2
OG0011258	1	1	2
OG0011259	1	1	2
OG0011260	1	1	2
OG0011261	1	1	2
OG0011262	1	1	2
OG0011263	1	1	2
OG0011264	1	1	2
OG0011265	1	1	2
OG0011266	1	1	2
OG0011267	1	1	2
OG0011268	1	1	2
OG0011269	1	1	2
OG0011270	1	1	2
OG0011271	1	1	2
OG0011272	1	1	2
OG0011273	1	1	2
OG0011274	1	1	2
OG0011275	1	1	2
OG0011276	1	1	2
OG0011277	1	1	2
OG0011278	1	1	2
OG0011279	1	1	2
OG0011280	1	1	2
OG0011281	1	1	2
OG0011282	1	1	2
OG0011283	1	1	2
OG0011284	1	1	2
OG0011285	1	1	2
OG0011286	1	1	2
OG0011287	1	1	2
OG0011288	1	1	2
OG0011289	1	1	2
OG0011290	1	1	2
OG0011291	1	1	2
OG0011292	1	1	2
OG0011293	1	1	2
OG0011294	1	1	2
OG0011295	1	1	2
OG0011296	1	1	2
OG0011297	1	1	2
OG0011298	1	1	2
OG0011299	1	1	2
OG0011300	1	1	2
OG0011301	1	1	2
OG0011302	1	1	2
OG0011303	1	1	2
OG0011304	1	1	2
OG0011305	1	1	2
OG0011306	1	1	2
OG0011307	1	1	2
OG0011308	1	1	2
OG0011309	1	1	2
OG0011310	1	1	2
OG0011311	1	1	2
OG0011312	1	1	2
OG0011313	1	1	2
OG0011314	1	1	2
OG0011315	1	1	2
OG0011316	1	1	2
OG0011317	1	1	2
OG0011318	1	1	2
OG0011319	1	1	2
OG0011320	1	1	2
OG0011321	1	1	2
OG0011322	1	1	2
OG0011323	1	1	2
OG0011324	1	1	2
OG0011325	1	1	2
OG0011326	1	1	2
OG0011327	1	1	2
OG0011328	1	1	2
OG0011329	1	1	2
OG0011330	1	1	2
OG0011331	1	1	2
OG0011332	1	1	2
OG0011333	1	1	2
OG0011334	1	1	2
OG0011335	1	1	2
OG0011336	1	1	2
OG0011337	1	1	2
OG0011338	1	1	2
OG0011339	1	1	2
OG0011340	1	1	2
OG0011341	1	1	2
OG0011342	1	1	2
OG0011343	1	1	2
OG0011344	1	1	2
OG0011345	1	1	2
OG0011346	1	1	2
OG0011347	1	1	2
OG0011348	1	1	2
OG0011349	1	1	2
OG0011350	1	1	2
OG0011351	1	1	2
OG0011352	1	1	2
OG0011353	1	1	2
OG0011354	1	1	2
OG0011355	1	1	2
OG0011356	1	1	2
OG0011357	1	1	2
OG0011358	1	1	2
OG0011359	1	1	2
OG0011360	1	1	2
OG0011361	1	1	2
OG0011362	1	1	2
OG0011363	1	1	2
OG0011364	1	1	2
OG0011365	1	1	2
OG0011366	1	1	2
OG0011367	1	1	2
OG0011368	1	1	2
OG0011369	1	1	2
OG0011370	1	1	2
OG0011371	1	1	2
OG0011372	1	1	2
OG0011373	1	1	2
OG0011374	1	1	2
OG0011375	1	1	2
OG0011376	1	1	2
OG0011377	1	1	2
OG0011378	1	1	2
OG0011379	1	1	2
OG0011380	1	1	2
OG0011381	1	1	2
OG0011382	1	1	2
OG0011383	1	1	2
OG0011384	1	1	2
OG0011385	1	1	2
OG0011386	1	1	2
OG0011387	1	1	2
OG0011388	1	1	2
OG0011389	1	1	2
OG0011390	1	1	2
OG0011391	1	1	2
OG0011392	1	1	2
OG0011393	1	1	2
OG0011394	1	1	2
OG0011395	1	1	2
OG0011396	1	1	2
OG0011397	1	1	2
OG0011398	1	1	2
OG0011399	1	1	2
OG0011400	1	1	2
OG0011401	1	1	2
OG0011402	1	1	2
OG0011403	1	1	2
OG0011404	1	1	2
OG0011405	1	1	2
OG0011406	1	1	2
OG0011407	1	1	2
OG0011408	1	1	2
OG0011409	1	1	2
OG0011410	1	1	2
OG0011411	1	1	2
OG0011412	1	1	2
OG0011413	1	1	2
OG0011414	1	1	2
OG0011415	1	1	2
OG0011416	1	1	2
OG0011417	1	1	2
OG0011418	1	1	2
OG0011419	1	1	2
OG0011420	1	1	2
OG0011421	1	1	2
OG0011422	1	1	2
OG0011423	1	1	2
OG0011424	1	1	2
OG0011425	1	1	2
OG0011426	1	1	2
OG0011427	1	1	2
OG0011428	1	1	2
OG0011429	1	1	2
OG0011430	1	1	2
OG0011431	1	1	2
OG0011432	1	1	2
OG0011433	1	1	2
OG0011434	1	1	2
OG0011435	1	1	2
OG0011436	1	1	2
OG0011437	1	1	2
OG0011438	1	1	2
OG0011439	1	1	2
OG0011440	1	1	2
OG0011441	1	1	2
OG0011442	1	1	2
OG0011443	1	1	2
OG0011444	1	1	2
OG0011445	1	1	2
OG0011446	1	1	2
OG0011447	1	1	2
OG0011448	1	1	2
OG0011449	1	1	2
OG0011450	1	1	2
OG0011451	1	1	2
OG0011452	1	1	2
OG0011453	1	1	2
OG0011454	1	1	2
OG0011455	1	1	2
OG0011456	1	1	2
OG0011457	1	1	2
OG0011458	1	1	2
OG0011459	1	1	2
OG0011460	1	1	2
OG0011461	1	1	2
OG0011462	1	1	2
OG0011463	1	1	2
OG0011464	1	1	2
OG0011465	1	1	2
OG0011466	1	1	2
OG0011467	1	1	2
OG0011468	1	1	2
OG0011469	1	1	2
OG0011470	1	1	2
OG0011471	1	1	2
OG0011472	1	1	2
OG0011473	1	1	2
OG0011474	1	1	2
OG0011475	1	1	2
OG0011476	1	1	2
OG0011477	1	1	2
OG0011478	1	1	2
OG0011479	1	1	2
OG0011480	1	1	2
OG0011481	1	1	2
OG0011482	1	1	2
OG0011483	1	1	2
OG0011484	1	1	2
OG0011485	1	1	2
OG0011486	1	1	2
OG0011487	1	1	2
OG0011488	1	1	2
OG0011489	1	1	2
OG0011490	1	1	2
OG0011491	1	1	2
OG0011492	1	1	2
OG0011493	1	1	2
OG0011494	1	1	2
OG0011495	1	1	2
OG0011496	1	1	2
OG0011497	1	1	2
OG0011498	1	1	2
OG0011499	1	1	2
OG0011500	1	1	2
OG0011501	1	1	2
OG0011502	1	1	2
OG0011503	1	1	2
OG0011504	1	1	2
OG0011505	1	1	2
OG0011506	1	1	2
OG0011507	1	1	2
OG0011508	1	1	2
OG0011509	1	1	2
OG0011510	1	1	2
OG0011511	1	1	2
OG0011512	1	1	2
OG0011513	1	1	2
OG0011514	1	1	2
OG0011515	1	1	2
OG0011516	1	1	2
OG0011517	1	1	2
OG0011518	1	1	2
OG0011519	1	1	2
OG0011520	1	1	2
OG0011521	1	1	2
OG0011522	1	1	2
OG0011523	1	1	2
OG0011524	1	1	2
OG0011525	1	1	2
OG0011526	1	1	2
OG0011527	1	1	2
OG0011528	1	1	2
OG0011529	1	1	2
OG0011530	1	1	2
OG0011531	1	1	2
OG0011532	1	1	2
OG0011533	1	1	2
OG0011534	1	1	2
OG0011535	1	1	2
OG0011536	1	1	2
OG0011537	1	1	2
OG0011538	1	1	2
OG0011539	1	1	2
OG0011540	1	1	2
OG0011541	1	1	2
OG0011542	1	1	2
OG0011543	1	1	2
OG0011544	1	1	2
OG0011545	1	1	2
OG0011546	1	1	2
OG0011547	1	1	2
OG0011548	1	1	2
OG0011549	1	1	2
OG0011550	1	1	2
OG0011551	1	1	2
OG0011552	1	1	2
OG0011553	1	1	2
OG0011554	1	1	2
OG0011555	1	1	2
OG0011556	1	1	2
OG0011557	1	1	2
OG0011558	1	1	2
OG0011559	1	1	2
OG0011560	1	1	2
OG0011561	1	1	2
OG0011562	1	1	2
OG0011563	1	1	2
OG0011564	1	1	2
OG0011565	1	1	2
OG0011566	1	1	2
OG0011567	1	1	2
OG0011568	1	1	2
OG0011569	1	1	2
OG0011570	1	1	2
OG0011571	1	1	2
OG0011572	1	1	2
OG0011573	1	1	2
OG0011574	1	1	2
OG0011575	1	1	2
OG0011576	1	1	2
OG0011577	1	1	2
OG0011578	1	1	2
OG0011579	1	1	2
OG0011580	1	1	2
OG0011581	1	1	2
OG0011582	1	1	2
OG0011583	1	1	2
OG0011584	1	1	2
OG0011585	1	1	2
OG0011586	1	1	2
OG0011587	1	1	2
OG0011588	1	1	2
OG0011589	1	1	2
OG0011590	1	1	2
OG0011591	1	1	2
OG0011592	1	1	2
OG0011593	1	1	2
OG0011594	1	1	2
OG0011595	1	1	2
OG0011596	1	1	2
OG0011597	1	1	2
OG0011598	1	1	2
OG0011599	1	1	2
OG0011600	1	1	2
OG0011601	1	1	2
OG0011602	1	1	2
OG0011603	1	1	2
OG0011604	1	1	2
OG0011605	1	1	2
OG0011606	1	1	2
OG0011607	1	1	2
OG0011608	1	1	2
OG0011609	1	1	2
OG0011610	1	1	2
OG0011611	1	1	2
OG0011612	1	1	2
OG0011613	1	1	2
OG0011614	1	1	2
OG0011615	1	1	2
OG0011616	1	1	2
OG0011617	1	1	2
OG0011618	1	1	2
OG0011619	1	1	2
OG0011620	1	1	2
OG0011621	1	1	2
OG0011622	1	1	2
OG0011623	1	1	2
OG0011624	1	1	2
OG0011625	1	1	2
OG0011626	1	1	2
OG0011627	1	1	2
OG0011628	1	1	2
OG0011629	1	1	2
OG0011630	1	1	2
OG0011631	1	1	2
OG0011632	1	1	2
OG0011633	1	1	2
OG0011634	1	1	2
OG0011635	1	1	2
OG0011636	1	1	2
OG0011637	1	1	2
OG0011638	1	1	2
OG0011639	1	1	2
OG0011640	1	1	2
OG0011641	1	1	2
OG0011642	1	1	2
OG0011643	1	1	2
OG0011644	1	1	2
OG0011645	1	1	2
OG0011646	1	1	2
OG0011647	1	1	2
OG0011648	1	1	2
OG0011649	1	1	2
OG0011650	1	1	2
OG0011651	1	1	2
OG0011652	1	1	2
OG0011653	1	1	2
OG0011654	1	1	2
OG0011655	1	1	2
OG0011656	1	1	2
OG0011657	1	1	2
OG0011658	1	1	2
OG0011659	1	1	2
OG0011660	1	1	2
OG0011661	1	1	2
OG0011662	1	1	2
OG0011663	1	1	2
OG0011664	1	1	2
OG0011665	1	1	2
OG0011666	1	1	2
OG0011667	1	1	2
OG0011668	1	1	2
OG0011669	1	1	2
OG0011670	1	1	2
OG0011671	1	1	2
OG0011672	1	1	2
OG0011673	1	1	2
OG0011674	1	1	2
OG0011675	1	1	2
OG0011676	1	1	2
OG0011677	1	1	2
OG0011678	1	1	2
OG0011679	1	1	2
OG0011680	1	1	2
OG0011681	1	1	2
OG0011682	1	1	2
OG0011683	1	1	2
OG0011684	1	1	2
OG0011685	1	1	2
OG0011686	1	1	2
OG0011687	1	1	2
OG0011688	1	1	2
OG0011689	1	1	2
OG0011690	1	1	2
OG0011691	1	1	2
OG0011692	1	1	2
OG0011693	1	1	2
OG0011694	1	1	2
OG0011695	1	1	2
OG0011696	1	1	2
OG0011697	1	1	2
OG0011698	1	1	2
OG0011699	1	1	2
OG0011700	1	1	2
OG0011701	1	1	2
OG0011702	1	1	2
OG0011703	1	1	2
OG0011704	1	1	2
OG0011705	1	1	2
OG0011706	1	1	2
OG0011707	1	1	2
OG0011708	1	1	2
OG0011709	1	1	2
OG0011710	1	1	2
OG0011711	1	1	2
OG0011712	1	1	2
OG0011713	1	1	2
OG0011714	1	1	2
OG0011715	1	1	2
OG0011716	1	1	2
OG0011717	1	1	2
OG0011718	1	1	2
OG0011719	1	1	2
OG0011720	1	1	2
OG0011721	1	1	2
OG0011722	1	1	2
OG0011723	1	1	2
OG0011724	1	1	2
OG0011725	1	1	2
OG0011726	1	1	2
OG0011727	1	1	2
OG0011728	1	1	2
OG0011729	1	1	2
OG0011730	1	1	2
OG0011731	1	1	2
OG0011732	1	1	2
OG0011733	1	1	2
OG0011734	1	1	2
OG0011735	1	1	2
OG0011736	1	1	2
OG0011737	1	1	2
OG0011738	1	1	2
OG0011739	1	1	2
OG0011740	1	1	2
OG0011741	1	1	2
OG0011742	1	1	2
OG0011743	1	1	2
OG0011744	1	1	2
OG0011745	1	1	2
OG0011746	1	1	2
OG0011747	1	1	2
OG0011748	1	1	2
OG0011749	1	1	2
OG0011750	1	1	2
OG0011751	1	1	2
OG0011752	1	1	2
OG0011753	1	1	2
OG0011754	1	1	2
OG0011755	1	1	2
OG0011756	1	1	2
OG0011757	1	1	2
OG0011758	1	1	2
OG0011759	1	1	2
OG0011760	1	1	2
OG0011761	1	1	2
OG0011762	1	1	2
OG0011763	1	1	2
OG0011764	1	1	2
OG0011765	1	1	2
OG0011766	1	1	2
OG0011767	1	1	2
OG0011768	1	1	2
OG0011769	1	1	2
OG0011770	1	1	2
OG0011771	1	1	2
OG0011772	1	1	2
OG0011773	1	1	2
OG0011774	1	1	2
OG0011775	1	1	2
OG0011776	1	1	2
OG0011777	1	1	2
OG0011778	1	1	2
OG0011779	1	1	2
OG0011780	1	1	2
OG0011781	1	1	2
OG0011782	1	1	2
OG0011783	1	1	2
OG0011784	1	1	2
OG0011785	1	1	2
OG0011786	1	1	2
OG0011787	1	1	2
OG0011788	1	1	2
OG0011789	1	1	2
OG0011790	1	1	2
OG0011791	1	1	2
OG0011792	1	1	2
OG0011793	1	1	2
OG0011794	1	1	2
OG0011795	1	1	2
OG0011796	1	1	2
OG0011797	1	1	2
OG0011798	1	1	2
OG0011799	1	1	2
OG0011800	1	1	2
OG0011801	1	1	2
OG0011802	1	1	2
OG0011803	1	1	2
OG0011804	1	1	2
OG0011805	1	1	2
OG0011806	1	1	2
OG0011807	1	1	2
OG0011808	1	1	2
OG0011809	1	1	2
OG0011810	1	1	2
OG0011811	1	1	2
OG0011812	1	1	2
OG0011813	1	1	2
OG0011814	1	1	2
OG0011815	1	1	2
OG0011816	1	1	2
OG0011817	1	1	2
OG0011818	1	1	2
OG0011819	1	1	2
OG0011820	1	1	2
OG0011821	1	1	2
OG0011822	1	1	2
OG0011823	1	1	2
OG0011824	1	1	2
OG0011825	1	1	2
OG0011826	1	1	2
OG0011827	1	1	2
OG0011828	1	1	2
OG0011829	1	1	2
OG0011830	1	1	2
OG0011831	1	1	2
OG0011832	1	1	2
OG0011833	1	1	2
OG0011834	1	1	2
OG0011835	1	1	2
OG0011836	1	1	2
OG0011837	1	1	2
OG0011838	1	1	2
OG0011839	1	1	2
OG0011840	1	1	2
OG0011841	1	1	2
OG0011842	1	1	2
OG0011843	1	1	2
OG0011844	1	1	2
OG0011845	1	1	2
OG0011846	1	1	2
OG0011847	1	1	2
OG0011848	1	1	2
OG0011849	1	1	2
OG0011850	1	1	2
OG0011851	1	1	2
OG0011852	1	1	2
OG0011853	1	1	2
OG0011854	1	1	2
OG0011855	1	1	2
OG0011856	1	1	2
OG0011857	1	1	2
OG0011858	1	1	2
OG0011859	1	1	2
OG0011860	1	1	2
OG0011861	1	1	2
OG0011862	1	1	2
OG0011863	1	1	2
OG0011864	1	1	2
OG0011865	1	1	2
OG0011866	1	1	2
OG0011867	1	1	2
OG0011868	1	1	2
OG0011869	1	1	2
OG0011870	1	1	2
OG0011871	1	1	2
OG0011872	1	1	2
OG0011873	1	1	2
OG0011874	1	1	2
OG0011875	1	1	2
OG0011876	1	1	2
OG0011877	1	1	2
OG0011878	1	1	2
OG0011879	1	1	2
OG0011880	1	1	2
OG0011881	1	1	2
OG0011882	1	1	2
OG0011883	1	1	2
OG0011884	1	1	2
OG0011885	1	1	2
OG0011886	1	1	2
OG0011887	1	1	2
OG0011888	1	1	2
OG0011889	1	1	2
OG0011890	1	1	2
OG0011891	1	1	2
OG0011892	1	1	2
OG0011893	1	1	2
OG0011894	1	1	2
OG0011895	1	1	2
OG0011896	1	1	2
OG0011897	1	1	2
OG0011898	1	1	2
OG0011899	1	1	2
OG0011900	1	1	2
OG0011901	1	1	2
OG0011902	1	1	2
OG0011903	1	1	2
OG0011904	1	1	2
OG0011905	1	1	2
OG0011906	1	1	2
OG0011907	1	1	2
OG0011908	1	1	2
OG0011909	1	1	2
OG0011910	1	1	2
OG0011911	1	1	2
OG0011912	1	1	2
OG0011913	1	1	2
OG0011914	1	1	2
OG0011915	1	1	2
OG0011916	1	1	2
OG0011917	1	1	2
OG0011918	1	1	2
OG0011919	1	1	2
OG0011920	1	1	2
OG0011921	1	1	2
OG0011922	1	1	2
OG0011923	1	1	2
OG0011924	1	1	2
OG0011925	1	1	2
OG0011926	1	1	2
OG0011927	1	1	2
OG0011928	1	1	2
OG0011929	1	1	2
OG0011930	1	1	2
OG0011931	2	0	2
OG0011932	1	1	2
OG0011933	1	1	2
OG0011934	1	1	2
OG0011935	1	1	2
OG0011936	1	1	2
OG0011937	1	1	2
OG0011938	1	1	2
OG0011939	1	1	2
OG0011940	1	1	2
OG0011941	1	1	2
OG0011942	1	1	2
OG0011943	1	1	2
OG0011944	1	1	2
OG0011945	1	1	2
OG0011946	1	1	2
OG0011947	1	1	2
OG0011948	1	1	2
OG0011949	1	1	2
OG0011950	1	1	2
OG0011951	1	1	2
OG0011952	1	1	2
OG0011953	1	1	2
OG0011954	1	1	2
OG0011955	1	1	2
OG0011956	1	1	2
OG0011957	1	1	2
OG0011958	1	1	2
OG0011959	1	1	2
OG0011960	1	1	2
OG0011961	1	1	2
OG0011962	1	1	2
OG0011963	1	1	2
OG0011964	1	1	2
OG0011965	1	1	2
OG0011966	1	1	2
OG0011967	1	1	2
OG0011968	1	1	2
OG0011969	1	1	2
OG0011970	1	1	2
OG0011971	1	1	2
OG0011972	1	1	2
OG0011973	1	1	2
OG0011974	1	1	2
OG0011975	1	1	2
OG0011976	1	1	2
OG0011977	1	1	2
OG0011978	1	1	2
OG0011979	1	1	2
OG0011980	1	1	2
OG0011981	1	1	2
OG0011982	1	1	2
OG0011983	1	1	2
OG0011984	1	1	2
OG0011985	1	1	2
OG0011986	1	1	2
OG0011987	1	1	2
OG0011988	1	1	2
OG0011989	2	0	2
OG0011990	1	1	2
OG0011991	1	1	2
OG0011992	1	1	2
OG0011993	1	1	2
OG0011994	1	1	2
OG0011995	1	1	2
OG0011996	1	1	2
OG0011997	1	1	2
OG0011998	1	1	2
OG0011999	1	1	2
OG0012000	1	1	2
OG0012001	1	1	2
OG0012002	1	1	2
OG0012003	1	1	2
OG0012004	1	1	2
OG0012005	1	1	2
OG0012006	1	1	2
OG0012007	1	1	2
OG0012008	1	1	2
OG0012009	1	1	2
OG0012010	1	1	2
OG0012011	1	1	2
OG0012012	1	1	2
OG0012013	1	1	2
OG0012014	1	1	2
OG0012015	1	1	2
OG0012016	1	1	2
OG0012017	1	1	2
OG0012018	1	1	2
OG0012019	1	1	2
OG0012020	1	1	2
OG0012021	1	1	2
OG0012022	1	1	2
OG0012023	1	1	2
OG0012024	1	1	2
OG0012025	1	1	2
OG0012026	1	1	2
OG0012027	1	1	2
OG0012028	1	1	2
OG0012029	1	1	2
OG0012030	1	1	2
OG0012031	1	1	2
OG0012032	1	1	2
OG0012033	1	1	2
OG0012034	1	1	2
OG0012035	1	1	2
OG0012036	1	1	2
OG0012037	1	1	2
OG0012038	1	1	2
OG0012039	1	1	2
OG0012040	1	1	2
OG0012041	1	1	2
OG0012042	1	1	2
OG0012043	1	1	2
OG0012044	1	1	2
OG0012045	1	1	2
OG0012046	1	1	2
OG0012047	1	1	2
OG0012048	1	1	2
OG0012049	1	1	2
OG0012050	1	1	2
OG0012051	1	1	2
OG0012052	1	1	2
OG0012053	1	1	2
OG0012054	1	1	2
OG0012055	1	1	2
OG0012056	1	1	2
OG0012057	1	1	2
OG0012058	1	1	2
OG0012059	1	1	2
OG0012060	1	1	2
OG0012061	1	1	2
OG0012062	1	1	2
OG0012063	1	1	2
OG0012064	1	1	2
OG0012065	1	1	2
OG0012066	1	1	2
OG0012067	1	1	2
OG0012068	1	1	2
OG0012069	1	1	2
OG0012070	1	1	2
OG0012071	1	1	2
OG0012072	1	1	2
OG0012073	1	1	2
OG0012074	1	1	2
OG0012075	1	1	2
OG0012076	1	1	2
OG0012077	1	1	2
OG0012078	1	1	2
OG0012079	1	1	2
OG0012080	1	1	2
OG0012081	1	1	2
OG0012082	1	1	2
OG0012083	1	1	2
OG0012084	1	1	2
OG0012085	1	1	2
OG0012086	1	1	2
OG0012087	1	1	2
OG0012088	1	1	2
OG0012089	1	1	2
OG0012090	1	1	2
OG0012091	1	1	2
OG0012092	1	1	2
OG0012093	1	1	2
OG0012094	1	1	2
OG0012095	1	1	2
OG0012096	1	1	2
OG0012097	1	1	2
OG0012098	1	1	2
OG0012099	1	1	2
OG0012100	1	1	2
OG0012101	1	1	2
OG0012102	1	1	2
OG0012103	1	1	2
OG0012104	1	1	2
OG0012105	1	1	2
OG0012106	1	1	2
OG0012107	1	1	2
OG0012108	1	1	2
OG0012109	1	1	2
OG0012110	1	1	2
OG0012111	1	1	2
OG0012112	1	1	2
OG0012113	1	1	2
OG0012114	2	0	2
OG0012115	1	1	2
OG0012116	1	1	2
OG0012117	1	1	2
OG0012118	1	1	2
OG0012119	1	1	2
OG0012120	1	1	2
OG0012121	1	1	2
OG0012122	1	1	2
OG0012123	1	1	2
OG0012124	1	1	2
OG0012125	1	1	2
OG0012126	1	1	2
OG0012127	1	1	2
OG0012128	1	1	2
OG0012129	1	1	2
OG0012130	1	1	2
OG0012131	1	1	2
OG0012132	1	1	2
OG0012133	1	1	2
OG0012134	1	1	2
OG0012135	1	1	2
OG0012136	1	1	2
OG0012137	1	1	2
OG0012138	1	1	2
OG0012139	1	1	2
OG0012140	1	1	2
OG0012141	1	1	2
OG0012142	1	1	2
OG0012143	1	1	2
OG0012144	1	1	2
OG0012145	1	1	2
OG0012146	1	1	2
OG0012147	1	1	2
OG0012148	1	1	2
OG0012149	1	1	2
OG0012150	1	1	2
OG0012151	1	1	2
OG0012152	1	1	2
OG0012153	1	1	2
OG0012154	1	1	2
OG0012155	1	1	2
OG0012156	1	1	2
OG0012157	1	1	2
OG0012158	1	1	2
OG0012159	1	1	2
OG0012160	2	0	2
OG0012161	1	1	2
OG0012162	1	1	2
OG0012163	1	1	2
OG0012164	1	1	2
OG0012165	1	1	2
OG0012166	1	1	2
OG0012167	1	1	2
OG0012168	1	1	2
OG0012169	1	1	2
OG0012170	1	1	2
OG0012171	1	1	2
OG0012172	1	1	2
OG0012173	1	1	2
OG0012174	1	1	2
OG0012175	1	1	2
OG0012176	1	1	2
OG0012177	1	1	2
OG0012178	1	1	2
OG0012179	1	1	2
OG0012180	1	1	2
OG0012181	1	1	2
OG0012182	1	1	2
OG0012183	1	1	2
OG0012184	1	1	2
OG0012185	1	1	2
OG0012186	1	1	2
OG0012187	1	1	2
OG0012188	1	1	2
OG0012189	1	1	2
OG0012190	1	1	2
OG0012191	1	1	2
OG0012192	1	1	2
OG0012193	1	1	2
OG0012194	1	1	2
OG0012195	1	1	2
OG0012196	1	1	2
OG0012197	1	1	2
OG0012198	1	1	2
OG0012199	1	1	2
OG0012200	1	1	2
OG0012201	1	1	2
OG0012202	1	1	2
OG0012203	1	1	2
OG0012204	1	1	2
OG0012205	1	1	2
OG0012206	1	1	2
OG0012207	1	1	2
OG0012208	1	1	2
OG0012209	1	1	2
OG0012210	1	1	2
OG0012211	1	1	2
OG0012212	1	1	2
OG0012213	1	1	2
OG0012214	1	1	2
OG0012215	1	1	2
OG0012216	1	1	2
OG0012217	1	1	2
OG0012218	1	1	2
OG0012219	1	1	2
OG0012220	1	1	2
OG0012221	1	1	2
OG0012222	1	1	2
OG0012223	1	1	2
OG0012224	1	1	2
OG0012225	1	1	2
OG0012226	1	1	2
OG0012227	1	1	2
OG0012228	1	1	2
OG0012229	1	1	2
OG0012230	1	1	2
OG0012231	1	1	2
OG0012232	1	1	2
OG0012233	1	1	2
OG0012234	1	1	2
OG0012235	1	1	2
OG0012236	1	1	2
OG0012237	1	1	2
OG0012238	1	1	2
OG0012239	1	1	2
OG0012240	1	1	2
OG0012241	1	1	2
OG0012242	1	1	2
OG0012243	1	1	2
OG0012244	1	1	2
OG0012245	1	1	2
OG0012246	1	1	2
OG0012247	1	1	2
OG0012248	1	1	2
OG0012249	1	1	2
OG0012250	1	1	2
OG0012251	1	1	2
OG0012252	1	1	2
OG0012253	1	1	2
OG0012254	1	1	2
OG0012255	1	1	2
OG0012256	1	1	2
OG0012257	1	1	2
OG0012258	1	1	2
OG0012259	1	1	2
OG0012260	1	1	2
OG0012261	1	1	2
OG0012262	1	1	2
OG0012263	1	1	2
OG0012264	1	1	2
OG0012265	1	1	2
OG0012266	1	1	2
OG0012267	1	1	2
OG0012268	1	1	2
OG0012269	1	1	2
OG0012270	1	1	2
OG0012271	1	1	2
OG0012272	1	1	2
OG0012273	1	1	2
OG0012274	1	1	2
OG0012275	1	1	2
OG0012276	1	1	2
OG0012277	1	1	2
OG0012278	1	1	2
OG0012279	1	1	2
OG0012280	1	1	2
OG0012281	1	1	2
OG0012282	1	1	2
OG0012283	1	1	2
OG0012284	1	1	2
OG0012285	1	1	2
OG0012286	1	1	2
OG0012287	1	1	2
OG0012288	1	1	2
OG0012289	1	1	2
OG0012290	1	1	2
OG0012291	1	1	2
OG0012292	1	1	2
OG0012293	1	1	2
OG0012294	1	1	2
OG0012295	1	1	2
OG0012296	1	1	2
OG0012297	1	1	2
OG0012298	1	1	2
OG0012299	1	1	2
OG0012300	1	1	2
OG0012301	1	1	2
OG0012302	1	1	2
OG0012303	1	1	2
OG0012304	1	1	2
OG0012305	1	1	2
OG0012306	1	1	2
OG0012307	1	1	2
OG0012308	1	1	2
OG0012309	1	1	2
OG0012310	1	1	2
OG0012311	1	1	2
OG0012312	1	1	2
OG0012313	1	1	2
OG0012314	1	1	2
OG0012315	1	1	2
OG0012316	1	1	2
OG0012317	1	1	2
OG0012318	1	1	2
OG0012319	1	1	2
OG0012320	1	1	2
OG0012321	1	1	2
OG0012322	1	1	2
OG0012323	1	1	2
OG0012324	1	1	2
OG0012325	1	1	2
OG0012326	1	1	2
OG0012327	1	1	2
OG0012328	1	1	2
OG0012329	1	1	2
OG0012330	1	1	2
OG0012331	1	1	2
OG0012332	1	1	2
OG0012333	1	1	2
OG0012334	1	1	2
OG0012335	1	1	2
OG0012336	1	1	2
OG0012337	1	1	2
OG0012338	1	1	2
OG0012339	1	1	2
OG0012340	1	1	2
OG0012341	1	1	2
OG0012342	1	1	2
OG0012343	1	1	2
OG0012344	1	1	2
OG0012345	1	1	2
OG0012346	1	1	2
OG0012347	1	1	2
OG0012348	1	1	2
OG0012349	1	1	2
OG0012350	1	1	2
OG0012351	1	1	2
OG0012352	1	1	2
OG0012353	1	1	2
OG0012354	1	1	2
OG0012355	1	1	2
OG0012356	1	1	2
OG0012357	1	1	2
OG0012358	1	1	2
OG0012359	1	1	2
OG0012360	1	1	2
OG0012361	1	1	2
OG0012362	1	1	2
OG0012363	1	1	2
OG0012364	1	1	2
OG0012365	1	1	2
OG0012366	1	1	2
OG0012367	1	1	2
OG0012368	1	1	2
OG0012369	1	1	2
OG0012370	1	1	2
OG0012371	1	1	2
OG0012372	1	1	2
OG0012373	1	1	2
OG0012374	1	1	2
OG0012375	1	1	2
OG0012376	1	1	2
OG0012377	1	1	2
OG0012378	1	1	2
OG0012379	1	1	2
OG0012380	1	1	2
OG0012381	1	1	2
OG0012382	1	1	2
OG0012383	1	1	2
OG0012384	1	1	2
OG0012385	1	1	2
OG0012386	1	1	2
OG0012387	1	1	2
OG0012388	1	1	2
OG0012389	1	1	2
OG0012390	1	1	2
OG0012391	1	1	2
OG0012392	1	1	2
OG0012393	1	1	2
OG0012394	1	1	2
OG0012395	1	1	2
OG0012396	1	1	2
OG0012397	1	1	2
OG0012398	1	1	2
OG0012399	1	1	2
OG0012400	1	1	2
OG0012401	1	1	2
OG0012402	1	1	2
OG0012403	1	1	2
OG0012404	1	1	2
OG0012405	1	1	2
OG0012406	1	1	2
OG0012407	1	1	2
OG0012408	1	1	2
OG0012409	1	1	2
OG0012410	1	1	2
OG0012411	1	1	2
OG0012412	1	1	2
OG0012413	1	1	2
OG0012414	1	1	2
OG0012415	1	1	2
OG0012416	1	1	2
OG0012417	1	1	2
OG0012418	1	1	2
OG0012419	1	1	2
OG0012420	1	1	2
OG0012421	1	1	2
OG0012422	1	1	2
OG0012423	1	1	2
OG0012424	1	1	2
OG0012425	1	1	2
OG0012426	1	1	2
OG0012427	1	1	2
OG0012428	1	1	2
OG0012429	1	1	2
OG0012430	1	1	2
OG0012431	1	1	2
OG0012432	1	1	2
OG0012433	1	1	2
OG0012434	1	1	2
OG0012435	1	1	2
OG0012436	1	1	2
OG0012437	1	1	2
OG0012438	1	1	2
OG0012439	1	1	2
OG0012440	1	1	2
OG0012441	1	1	2
OG0012442	1	1	2
OG0012443	1	1	2
OG0012444	1	1	2
OG0012445	1	1	2
OG0012446	1	1	2
OG0012447	1	1	2
OG0012448	1	1	2
OG0012449	1	1	2
OG0012450	1	1	2
OG0012451	1	1	2
OG0012452	1	1	2
OG0012453	1	1	2
OG0012454	1	1	2
OG0012455	1	1	2
OG0012456	1	1	2
OG0012457	1	1	2
OG0012458	1	1	2
OG0012459	1	1	2
OG0012460	1	1	2
OG0012461	1	1	2
OG0012462	1	1	2
OG0012463	1	1	2
OG0012464	1	1	2
OG0012465	1	1	2
OG0012466	1	1	2
OG0012467	1	1	2
OG0012468	1	1	2
OG0012469	1	1	2
OG0012470	1	1	2
OG0012471	1	1	2
OG0012472	1	1	2
OG0012473	1	1	2
OG0012474	1	1	2
OG0012475	1	1	2
OG0012476	1	1	2
OG0012477	1	1	2
OG0012478	1	1	2
OG0012479	1	1	2
OG0012480	1	1	2
OG0012481	1	1	2
OG0012482	1	1	2
OG0012483	1	1	2
OG0012484	1	1	2
OG0012485	1	1	2
OG0012486	1	1	2
OG0012487	1	1	2
OG0012488	1	1	2
OG0012489	1	1	2
OG0012490	1	1	2
OG0012491	1	1	2
OG0012492	1	1	2
OG0012493	1	1	2
OG0012494	1	1	2
OG0012495	1	1	2
OG0012496	1	1	2
OG0012497	1	1	2
OG0012498	1	1	2
OG0012499	1	1	2
OG0012500	1	1	2
OG0012501	1	1	2
OG0012502	1	1	2
OG0012503	1	1	2
OG0012504	1	1	2
OG0012505	1	1	2
OG0012506	1	1	2
OG0012507	1	1	2
OG0012508	1	1	2
OG0012509	1	1	2
OG0012510	1	1	2
OG0012511	1	1	2
OG0012512	1	1	2
OG0012513	1	1	2
OG0012514	1	1	2
OG0012515	1	1	2
OG0012516	1	1	2
OG0012517	1	1	2
OG0012518	1	1	2
OG0012519	1	1	2
OG0012520	1	1	2
OG0012521	1	1	2
OG0012522	1	1	2
OG0012523	1	1	2
OG0012524	1	1	2
OG0012525	1	1	2
OG0012526	1	1	2
OG0012527	1	1	2
OG0012528	1	1	2
OG0012529	1	1	2
OG0012530	1	1	2
OG0012531	1	1	2
OG0012532	1	1	2
OG0012533	1	1	2
OG0012534	1	1	2
OG0012535	1	1	2
OG0012536	1	1	2
OG0012537	1	1	2
OG0012538	1	1	2
OG0012539	1	1	2
OG0012540	1	1	2
OG0012541	1	1	2
OG0012542	1	1	2
OG0012543	1	1	2
OG0012544	1	1	2
OG0012545	1	1	2
OG0012546	1	1	2
OG0012547	1	1	2
OG0012548	1	1	2
OG0012549	1	1	2
OG0012550	1	1	2
OG0012551	1	1	2
OG0012552	1	1	2
OG0012553	1	1	2
OG0012554	1	1	2
OG0012555	1	1	2
OG0012556	1	1	2
OG0012557	1	1	2
OG0012558	1	1	2
OG0012559	1	1	2
OG0012560	1	1	2
OG0012561	1	1	2
OG0012562	1	1	2
OG0012563	1	1	2
OG0012564	1	1	2
OG0012565	1	1	2
OG0012566	1	1	2
OG0012567	1	1	2
OG0012568	1	1	2
OG0012569	1	1	2
OG0012570	1	1	2
OG0012571	1	1	2
OG0012572	1	1	2
OG0012573	1	1	2
OG0012574	1	1	2
OG0012575	1	1	2
OG0012576	1	1	2
OG0012577	1	1	2
OG0012578	1	1	2
OG0012579	1	1	2
OG0012580	1	1	2
OG0012581	1	1	2
OG0012582	1	1	2
OG0012583	1	1	2
OG0012584	1	1	2
OG0012585	1	1	2
OG0012586	1	1	2
OG0012587	1	1	2
OG0012588	1	1	2
OG0012589	1	1	2
OG0012590	1	1	2
OG0012591	1	1	2
OG0012592	1	1	2
OG0012593	1	1	2
OG0012594	1	1	2
OG0012595	1	1	2
OG0012596	1	1	2
OG0012597	1	1	2
OG0012598	1	1	2
OG0012599	1	1	2
OG0012600	1	1	2
OG0012601	1	1	2
OG0012602	1	1	2
OG0012603	1	1	2
OG0012604	1	1	2
OG0012605	1	1	2
OG0012606	1	1	2
OG0012607	1	1	2
OG0012608	1	1	2
OG0012609	1	1	2
OG0012610	1	1	2
OG0012611	1	1	2
OG0012612	1	1	2
OG0012613	1	1	2
OG0012614	1	1	2
OG0012615	1	1	2
OG0012616	1	1	2
OG0012617	1	1	2
OG0012618	1	1	2
OG0012619	1	1	2
OG0012620	1	1	2
OG0012621	1	1	2
OG0012622	1	1	2
OG0012623	1	1	2
OG0012624	1	1	2
OG0012625	1	1	2
OG0012626	1	1	2
OG0012627	1	1	2
OG0012628	1	1	2
OG0012629	1	1	2
OG0012630	1	1	2
OG0012631	1	1	2
OG0012632	1	1	2
OG0012633	1	1	2
OG0012634	1	1	2
OG0012635	1	1	2
OG0012636	1	1	2
OG0012637	1	1	2
OG0012638	1	1	2
OG0012639	1	1	2
OG0012640	1	1	2
OG0012641	1	1	2
OG0012642	1	1	2
OG0012643	1	1	2
OG0012644	1	1	2
OG0012645	1	1	2
OG0012646	1	1	2
OG0012647	1	1	2
OG0012648	1	1	2
OG0012649	1	1	2
OG0012650	1	1	2
OG0012651	1	1	2
OG0012652	1	1	2
OG0012653	1	1	2
OG0012654	1	1	2
OG0012655	1	1	2
OG0012656	1	1	2
OG0012657	1	1	2
OG0012658	1	1	2
OG0012659	1	1	2
OG0012660	1	1	2
OG0012661	1	1	2
OG0012662	1	1	2
OG0012663	1	1	2
OG0012664	1	1	2
OG0012665	1	1	2
OG0012666	1	1	2
OG0012667	1	1	2
OG0012668	1	1	2
OG0012669	1	1	2
OG0012670	1	1	2
OG0012671	1	1	2
OG0012672	1	1	2
OG0012673	1	1	2
OG0012674	1	1	2
OG0012675	1	1	2
OG0012676	1	1	2
OG0012677	1	1	2
OG0012678	1	1	2
OG0012679	1	1	2
OG0012680	1	1	2
OG0012681	1	1	2
OG0012682	1	1	2
OG0012683	1	1	2
OG0012684	1	1	2
OG0012685	1	1	2
OG0012686	1	1	2
OG0012687	1	1	2
OG0012688	1	1	2
OG0012689	1	1	2
OG0012690	1	1	2
OG0012691	1	1	2
OG0012692	1	1	2
OG0012693	1	1	2
OG0012694	1	1	2
OG0012695	1	1	2
OG0012696	1	1	2
OG0012697	1	1	2
OG0012698	1	1	2
OG0012699	1	1	2
OG0012700	1	1	2
OG0012701	1	1	2
OG0012702	1	1	2
OG0012703	1	1	2
OG0012704	1	1	2
OG0012705	1	1	2
OG0012706	1	1	2
OG0012707	1	1	2
OG0012708	1	1	2
OG0012709	1	1	2
OG0012710	1	1	2
OG0012711	1	1	2
OG0012712	1	1	2
OG0012713	1	1	2
OG0012714	1	1	2
OG0012715	1	1	2
OG0012716	1	1	2
OG0012717	1	1	2
OG0012718	1	1	2
OG0012719	1	1	2
OG0012720	1	1	2
OG0012721	1	1	2
OG0012722	1	1	2
OG0012723	1	1	2
OG0012724	1	1	2
OG0012725	1	1	2
OG0012726	1	1	2
OG0012727	1	1	2
OG0012728	1	1	2
OG0012729	1	1	2
OG0012730	1	1	2
OG0012731	1	1	2
OG0012732	1	1	2
OG0012733	1	1	2
OG0012734	1	1	2
OG0012735	1	1	2
OG0012736	1	1	2
OG0012737	1	1	2
OG0012738	1	1	2
OG0012739	1	1	2
OG0012740	1	1	2
OG0012741	1	1	2
OG0012742	1	1	2
OG0012743	1	1	2
OG0012744	1	1	2
OG0012745	1	1	2
OG0012746	1	1	2
OG0012747	1	1	2
OG0012748	1	1	2
OG0012749	1	1	2
OG0012750	1	1	2
OG0012751	1	1	2
OG0012752	1	1	2
OG0012753	1	1	2
OG0012754	1	1	2
OG0012755	1	1	2
OG0012756	1	1	2
OG0012757	1	1	2
OG0012758	1	1	2
OG0012759	1	1	2
OG0012760	1	1	2
OG0012761	1	1	2
OG0012762	1	1	2
OG0012763	1	1	2
OG0012764	1	1	2
OG0012765	1	1	2
OG0012766	1	1	2
OG0012767	1	1	2
OG0012768	1	1	2
OG0012769	1	1	2
OG0012770	1	1	2
OG0012771	1	1	2
OG0012772	1	1	2
OG0012773	1	1	2
OG0012774	1	1	2
OG0012775	1	1	2
OG0012776	1	1	2
OG0012777	1	1	2
OG0012778	1	1	2
OG0012779	1	1	2
OG0012780	1	1	2
OG0012781	1	1	2
OG0012782	1	1	2
OG0012783	1	1	2
OG0012784	1	1	2
OG0012785	1	1	2
OG0012786	1	1	2
OG0012787	1	1	2
OG0012788	1	1	2
OG0012789	1	1	2
OG0012790	1	1	2
OG0012791	1	1	2
OG0012792	1	1	2
OG0012793	1	1	2
OG0012794	1	1	2
OG0012795	1	1	2
OG0012796	1	1	2
OG0012797	1	1	2
OG0012798	1	1	2
OG0012799	1	1	2
OG0012800	1	1	2
OG0012801	1	1	2
OG0012802	1	1	2
OG0012803	1	1	2
OG0012804	1	1	2
OG0012805	1	1	2
OG0012806	1	1	2
OG0012807	1	1	2
OG0012808	1	1	2
OG0012809	1	1	2
OG0012810	1	1	2
OG0012811	1	1	2
OG0012812	1	1	2
OG0012813	1	1	2
OG0012814	1	1	2
OG0012815	1	1	2
OG0012816	1	1	2
OG0012817	1	1	2
OG0012818	1	1	2
OG0012819	1	1	2
OG0012820	1	1	2
OG0012821	1	1	2
OG0012822	1	1	2
OG0012823	1	1	2
OG0012824	1	1	2
OG0012825	1	1	2
OG0012826	1	1	2
OG0012827	1	1	2
OG0012828	1	1	2
OG0012829	1	1	2
OG0012830	1	1	2
OG0012831	1	1	2
OG0012832	1	1	2
OG0012833	1	1	2
OG0012834	1	1	2
OG0012835	1	1	2
OG0012836	1	1	2
OG0012837	1	1	2
OG0012838	1	1	2
OG0012839	1	1	2
OG0012840	1	1	2
OG0012841	1	1	2
OG0012842	1	1	2
OG0012843	1	1	2
OG0012844	1	1	2
OG0012845	1	1	2
OG0012846	1	1	2
OG0012847	1	1	2
OG0012848	1	1	2
OG0012849	1	1	2
OG0012850	1	1	2
OG0012851	1	1	2
OG0012852	1	1	2
OG0012853	1	1	2
OG0012854	1	1	2
OG0012855	1	1	2
OG0012856	1	1	2
OG0012857	1	1	2
OG0012858	1	1	2
OG0012859	1	1	2
OG0012860	1	1	2
OG0012861	1	1	2
OG0012862	1	1	2
OG0012863	1	1	2
OG0012864	1	1	2
OG0012865	1	1	2
OG0012866	1	1	2
OG0012867	1	1	2
OG0012868	1	1	2
OG0012869	1	1	2
OG0012870	1	1	2
OG0012871	1	1	2
OG0012872	1	1	2
OG0012873	1	1	2
OG0012874	1	1	2
OG0012875	1	1	2
OG0012876	1	1	2
OG0012877	1	1	2
OG0012878	1	1	2
OG0012879	1	1	2
OG0012880	1	1	2
OG0012881	1	1	2
OG0012882	1	1	2
OG0012883	1	1	2
OG0012884	1	1	2
OG0012885	1	1	2
OG0012886	1	1	2
OG0012887	1	1	2
OG0012888	1	1	2
OG0012889	1	1	2
OG0012890	1	1	2
OG0012891	1	1	2
OG0012892	1	1	2
OG0012893	1	1	2
OG0012894	1	1	2
OG0012895	1	1	2
OG0012896	1	1	2
OG0012897	1	1	2
OG0012898	1	1	2
OG0012899	1	1	2
OG0012900	1	1	2
OG0012901	1	1	2
OG0012902	1	1	2
OG0012903	1	1	2
OG0012904	1	1	2
OG0012905	1	1	2
OG0012906	1	1	2
OG0012907	1	1	2
OG0012908	1	1	2
OG0012909	1	1	2
OG0012910	1	1	2
OG0012911	1	1	2
OG0012912	1	1	2
OG0012913	1	1	2
OG0012914	1	1	2
OG0012915	1	1	2
OG0012916	1	1	2
OG0012917	1	1	2
OG0012918	1	1	2
OG0012919	1	1	2
OG0012920	1	1	2
OG0012921	1	1	2
OG0012922	1	1	2
OG0012923	1	1	2
OG0012924	1	1	2
OG0012925	1	1	2
OG0012926	1	1	2
OG0012927	1	1	2
OG0012928	1	1	2
OG0012929	1	1	2
OG0012930	1	1	2
OG0012931	1	1	2
OG0012932	1	1	2
OG0012933	1	1	2
OG0012934	1	1	2
OG0012935	1	1	2
OG0012936	1	1	2
OG0012937	1	1	2
OG0012938	1	1	2
OG0012939	1	1	2
OG0012940	1	1	2
OG0012941	1	1	2
OG0012942	1	1	2
OG0012943	1	1	2
OG0012944	1	1	2
OG0012945	1	1	2
OG0012946	1	1	2
OG0012947	1	1	2
OG0012948	1	1	2
OG0012949	1	1	2
OG0012950	1	1	2
OG0012951	1	1	2
OG0012952	1	1	2
OG0012953	1	1	2
OG0012954	1	1	2
OG0012955	1	1	2
OG0012956	1	1	2
OG0012957	1	1	2
OG0012958	1	1	2
OG0012959	1	1	2
OG0012960	1	1	2
OG0012961	1	1	2
OG0012962	1	1	2
OG0012963	1	1	2
OG0012964	1	1	2
OG0012965	1	1	2
OG0012966	1	1	2
OG0012967	1	1	2
OG0012968	1	1	2
OG0012969	1	1	2
OG0012970	1	1	2
OG0012971	1	1	2
OG0012972	1	1	2
OG0012973	1	1	2
OG0012974	1	1	2
OG0012975	1	1	2
OG0012976	1	1	2
OG0012977	1	1	2
OG0012978	1	1	2
OG0012979	1	1	2
OG0012980	1	1	2
OG0012981	1	1	2
OG0012982	1	1	2
OG0012983	1	1	2
OG0012984	1	1	2
OG0012985	1	1	2
OG0012986	1	1	2
OG0012987	1	1	2
OG0012988	1	1	2
OG0012989	1	1	2
OG0012990	1	1	2
OG0012991	1	1	2
OG0012992	1	1	2
OG0012993	1	1	2
OG0012994	1	1	2
OG0012995	1	1	2
OG0012996	1	1	2
OG0012997	1	1	2
OG0012998	1	1	2
OG0012999	1	1	2
OG0013000	1	1	2
OG0013001	1	1	2
OG0013002	1	1	2
OG0013003	1	1	2
OG0013004	1	1	2
OG0013005	1	1	2
OG0013006	1	1	2
OG0013007	1	1	2
OG0013008	1	1	2
OG0013009	1	1	2
OG0013010	1	1	2
OG0013011	1	1	2
OG0013012	1	1	2
OG0013013	1	1	2
OG0013014	1	1	2
OG0013015	1	1	2
OG0013016	1	1	2
OG0013017	1	1	2
OG0013018	1	1	2
OG0013019	1	1	2
OG0013020	1	1	2
OG0013021	1	1	2
OG0013022	1	1	2
OG0013023	1	1	2
OG0013024	1	1	2
OG0013025	1	1	2
OG0013026	1	1	2
OG0013027	1	1	2
OG0013028	1	1	2
OG0013029	1	1	2
OG0013030	1	1	2
OG0013031	1	1	2
OG0013032	1	1	2
OG0013033	1	1	2
OG0013034	1	1	2
OG0013035	1	1	2
OG0013036	1	1	2
OG0013037	1	1	2
OG0013038	1	1	2
OG0013039	1	1	2
OG0013040	1	1	2
OG0013041	1	1	2
OG0013042	1	1	2
OG0013043	1	1	2
OG0013044	1	1	2
OG0013045	1	1	2
OG0013046	1	1	2
OG0013047	1	1	2
OG0013048	1	1	2
OG0013049	1	1	2
OG0013050	1	1	2
OG0013051	1	1	2
OG0013052	1	1	2
OG0013053	1	1	2
OG0013054	1	1	2
OG0013055	1	1	2
OG0013056	1	1	2
OG0013057	1	1	2
OG0013058	1	1	2
OG0013059	1	1	2
OG0013060	1	1	2
OG0013061	1	1	2
OG0013062	1	1	2
OG0013063	1	1	2
OG0013064	1	1	2
OG0013065	1	1	2
OG0013066	1	1	2
OG0013067	1	1	2
OG0013068	1	1	2
OG0013069	1	1	2
OG0013070	1	1	2
OG0013071	1	1	2
OG0013072	1	1	2
OG0013073	1	1	2
OG0013074	1	1	2
OG0013075	1	1	2
OG0013076	1	1	2
OG0013077	1	1	2
OG0013078	1	1	2
OG0013079	1	1	2
OG0013080	1	1	2
OG0013081	1	1	2
OG0013082	1	1	2
OG0013083	1	1	2
OG0013084	1	1	2
OG0013085	1	1	2
OG0013086	1	1	2
OG0013087	1	1	2
OG0013088	1	1	2
OG0013089	1	1	2
OG0013090	1	1	2
OG0013091	1	1	2
OG0013092	1	1	2
OG0013093	1	1	2
OG0013094	1	1	2
OG0013095	1	1	2
OG0013096	1	1	2
OG0013097	1	1	2
OG0013098	1	1	2
OG0013099	1	1	2
OG0013100	1	1	2
OG0013101	1	1	2
OG0013102	1	1	2
OG0013103	1	1	2
OG0013104	1	1	2
OG0013105	1	1	2
OG0013106	1	1	2
OG0013107	1	1	2
OG0013108	1	1	2
OG0013109	1	1	2
OG0013110	1	1	2
OG0013111	1	1	2
OG0013112	1	1	2
OG0013113	1	1	2
OG0013114	1	1	2
OG0013115	1	1	2
OG0013116	1	1	2
OG0013117	1	1	2
OG0013118	1	1	2
OG0013119	1	1	2
OG0013120	1	1	2
OG0013121	1	1	2
OG0013122	1	1	2
OG0013123	1	1	2
OG0013124	1	1	2
OG0013125	1	1	2
OG0013126	1	1	2
OG0013127	1	1	2
OG0013128	1	1	2
OG0013129	1	1	2
OG0013130	1	1	2
OG0013131	1	1	2
OG0013132	1	1	2
OG0013133	1	1	2
OG0013134	1	1	2
OG0013135	1	1	2
OG0013136	1	1	2
OG0013137	1	1	2
OG0013138	1	1	2
OG0013139	1	1	2
OG0013140	1	1	2
OG0013141	1	1	2
OG0013142	1	1	2
OG0013143	1	1	2
OG0013144	1	1	2
OG0013145	1	1	2
OG0013146	1	1	2
OG0013147	1	1	2
OG0013148	1	1	2
OG0013149	1	1	2
OG0013150	1	1	2
OG0013151	1	1	2
OG0013152	1	1	2
OG0013153	1	1	2
OG0013154	1	1	2
OG0013155	1	1	2
OG0013156	1	1	2
OG0013157	1	1	2
OG0013158	1	1	2
OG0013159	1	1	2
OG0013160	1	1	2
OG0013161	1	1	2
OG0013162	1	1	2
OG0013163	1	1	2
OG0013164	1	1	2
OG0013165	1	1	2
OG0013166	1	1	2
OG0013167	1	1	2
OG0013168	1	1	2
OG0013169	1	1	2
OG0013170	1	1	2
OG0013171	1	1	2
OG0013172	1	1	2
OG0013173	1	1	2
OG0013174	1	1	2
OG0013175	1	1	2
OG0013176	1	1	2
OG0013177	1	1	2
OG0013178	1	1	2
OG0013179	1	1	2
OG0013180	1	1	2
OG0013181	1	1	2
OG0013182	1	1	2
OG0013183	1	1	2
OG0013184	1	1	2
OG0013185	1	1	2
OG0013186	1	1	2
OG0013187	1	1	2
OG0013188	1	1	2
OG0013189	1	1	2
OG0013190	1	1	2
OG0013191	1	1	2
OG0013192	1	1	2
OG0013193	1	1	2
OG0013194	1	1	2
OG0013195	1	1	2
OG0013196	1	1	2
OG0013197	1	1	2
OG0013198	1	1	2
OG0013199	1	1	2
OG0013200	1	1	2
OG0013201	1	1	2
OG0013202	1	1	2
OG0013203	1	1	2
OG0013204	1	1	2
OG0013205	1	1	2
OG0013206	1	1	2
OG0013207	1	1	2
OG0013208	1	1	2
OG0013209	1	1	2
OG0013210	1	1	2
OG0013211	1	1	2
OG0013212	1	1	2
OG0013213	1	1	2
OG0013214	1	1	2
OG0013215	1	1	2
OG0013216	1	1	2
OG0013217	1	1	2
OG0013218	1	1	2
OG0013219	1	1	2
OG0013220	1	1	2
OG0013221	1	1	2
OG0013222	1	1	2
OG0013223	1	1	2
OG0013224	1	1	2
OG0013225	1	1	2
OG0013226	1	1	2
OG0013227	1	1	2
OG0013228	1	1	2
OG0013229	1	1	2
OG0013230	1	1	2
OG0013231	1	1	2
OG0013232	1	1	2
OG0013233	1	1	2
OG0013234	1	1	2
OG0013235	1	1	2
OG0013236	1	1	2
OG0013237	1	1	2
OG0013238	1	1	2
OG0013239	1	1	2
OG0013240	1	1	2
OG0013241	1	1	2
OG0013242	1	1	2
OG0013243	1	1	2
OG0013244	1	1	2
OG0013245	1	1	2
OG0013246	1	1	2
OG0013247	1	1	2
OG0013248	1	1	2
OG0013249	1	1	2
OG0013250	1	1	2
OG0013251	1	1	2
OG0013252	1	1	2
OG0013253	1	1	2
OG0013254	1	1	2
OG0013255	1	1	2
OG0013256	1	1	2
OG0013257	1	1	2
OG0013258	1	1	2
OG0013259	1	1	2
OG0013260	1	1	2
OG0013261	1	1	2
OG0013262	1	1	2
OG0013263	1	1	2
OG0013264	1	1	2
OG0013265	1	1	2
OG0013266	1	1	2
OG0013267	1	1	2
OG0013268	1	1	2
OG0013269	1	1	2
OG0013270	1	1	2
OG0013271	1	1	2
OG0013272	1	1	2
OG0013273	1	1	2
OG0013274	1	1	2
OG0013275	1	1	2
OG0013276	1	1	2
OG0013277	1	1	2
OG0013278	1	1	2
OG0013279	1	1	2
OG0013280	1	1	2
OG0013281	1	1	2
OG0013282	1	1	2
OG0013283	1	1	2
OG0013284	1	1	2
OG0013285	1	1	2
OG0013286	1	1	2
OG0013287	1	1	2
OG0013288	1	1	2
OG0013289	1	1	2
OG0013290	1	1	2
OG0013291	1	1	2
OG0013292	1	1	2
OG0013293	1	1	2
OG0013294	1	1	2
OG0013295	1	1	2
OG0013296	1	1	2
OG0013297	1	1	2
OG0013298	1	1	2
OG0013299	1	1	2
OG0013300	1	1	2
OG0013301	1	1	2
OG0013302	1	1	2
OG0013303	1	1	2
OG0013304	1	1	2
OG0013305	1	1	2
OG0013306	1	1	2
OG0013307	1	1	2
OG0013308	1	1	2
OG0013309	1	1	2
OG0013310	1	1	2
OG0013311	1	1	2
OG0013312	1	1	2
OG0013313	1	1	2
OG0013314	1	1	2
OG0013315	1	1	2
OG0013316	1	1	2
OG0013317	1	1	2
OG0013318	1	1	2
OG0013319	1	1	2
OG0013320	1	1	2
OG0013321	1	1	2
OG0013322	1	1	2
OG0013323	1	1	2
OG0013324	1	1	2
OG0013325	1	1	2
OG0013326	1	1	2
OG0013327	1	1	2
OG0013328	1	1	2
OG0013329	1	1	2
OG0013330	1	1	2
OG0013331	1	1	2
OG0013332	1	1	2
OG0013333	1	1	2
OG0013334	1	1	2
OG0013335	1	1	2
OG0013336	1	1	2
OG0013337	1	1	2
OG0013338	1	1	2
OG0013339	1	1	2
OG0013340	1	1	2
OG0013341	1	1	2
OG0013342	1	1	2
OG0013343	1	1	2
OG0013344	1	1	2
OG0013345	1	1	2
OG0013346	1	1	2
OG0013347	1	1	2
OG0013348	1	1	2
OG0013349	1	1	2
OG0013350	1	1	2
OG0013351	1	1	2
OG0013352	1	1	2
OG0013353	1	1	2
OG0013354	1	1	2
OG0013355	1	1	2
OG0013356	1	1	2
OG0013357	1	1	2
OG0013358	1	1	2
OG0013359	1	1	2
OG0013360	1	1	2
OG0013361	1	1	2
OG0013362	1	1	2
OG0013363	1	1	2
OG0013364	1	1	2
OG0013365	1	1	2
OG0013366	1	1	2
OG0013367	1	1	2
OG0013368	1	1	2
OG0013369	1	1	2
OG0013370	1	1	2
OG0013371	1	1	2
OG0013372	1	1	2
OG0013373	1	1	2
OG0013374	1	1	2
OG0013375	1	1	2
OG0013376	1	1	2
OG0013377	1	1	2
OG0013378	1	1	2
OG0013379	1	1	2
OG0013380	1	1	2
OG0013381	1	1	2
OG0013382	1	1	2
OG0013383	1	1	2
OG0013384	1	1	2
OG0013385	1	1	2
OG0013386	1	1	2
OG0013387	1	1	2
OG0013388	1	1	2
OG0013389	1	1	2
OG0013390	1	1	2
OG0013391	1	1	2
OG0013392	1	1	2
OG0013393	1	1	2
OG0013394	1	1	2
OG0013395	1	1	2
OG0013396	1	1	2
OG0013397	2	0	2
OG0013398	1	1	2
OG0013399	1	1	2
OG0013400	1	1	2
OG0013401	1	1	2
OG0013402	1	1	2
OG0013403	1	1	2
OG0013404	1	1	2
OG0013405	1	1	2
OG0013406	1	1	2
OG0013407	1	1	2
OG0013408	1	1	2
OG0013409	1	1	2
OG0013410	1	1	2
OG0013411	1	1	2
OG0013412	1	1	2
OG0013413	1	1	2
OG0013414	1	1	2
OG0013415	1	1	2
OG0013416	1	1	2
OG0013417	1	1	2
OG0013418	1	1	2
OG0013419	1	1	2
OG0013420	1	1	2
OG0013421	1	1	2
OG0013422	1	1	2
OG0013423	1	1	2
OG0013424	2	0	2
OG0013425	1	1	2
OG0013426	1	1	2
OG0013427	1	1	2
OG0013428	1	1	2
OG0013429	1	1	2
OG0013430	1	1	2
OG0013431	1	1	2
OG0013432	1	1	2
OG0013433	1	1	2
OG0013434	1	1	2
OG0013435	1	1	2
OG0013436	1	1	2
OG0013437	1	1	2
OG0013438	1	1	2
OG0013439	1	1	2
OG0013440	1	1	2
OG0013441	1	1	2
OG0013442	1	1	2
OG0013443	1	1	2
OG0013444	1	1	2
OG0013445	1	1	2
OG0013446	1	1	2
OG0013447	1	1	2
OG0013448	1	1	2
OG0013449	1	1	2
OG0013450	1	1	2
OG0013451	1	1	2
OG0013452	1	1	2
OG0013453	1	1	2
OG0013454	1	1	2
OG0013455	1	1	2
OG0013456	1	1	2
OG0013457	1	1	2
OG0013458	1	1	2
OG0013459	1	1	2
OG0013460	1	1	2
OG0013461	1	1	2
OG0013462	1	1	2
OG0013463	1	1	2
OG0013464	1	1	2
OG0013465	1	1	2
OG0013466	1	1	2
OG0013467	1	1	2
OG0013468	1	1	2
OG0013469	1	1	2
OG0013470	1	1	2
OG0013471	1	1	2
OG0013472	1	1	2
OG0013473	1	1	2
OG0013474	1	1	2
OG0013475	1	1	2
OG0013476	1	1	2
OG0013477	1	1	2
OG0013478	1	1	2
OG0013479	1	1	2
OG0013480	1	1	2
OG0013481	1	1	2
OG0013482	1	1	2
OG0013483	1	1	2
OG0013484	1	1	2
OG0013485	1	1	2
OG0013486	1	1	2
OG0013487	1	1	2
OG0013488	1	1	2
OG0013489	1	1	2
OG0013490	1	1	2
OG0013491	1	1	2
OG0013492	1	1	2
OG0013493	1	1	2
OG0013494	1	1	2
OG0013495	1	1	2
OG0013496	1	1	2
OG0013497	1	1	2
OG0013498	1	1	2
OG0013499	1	1	2
OG0013500	1	1	2
OG0013501	1	1	2
OG0013502	1	1	2
OG0013503	1	1	2
OG0013504	1	1	2
OG0013505	1	1	2
OG0013506	1	1	2
OG0013507	1	1	2
OG0013508	1	1	2
OG0013509	1	1	2
OG0013510	1	1	2
OG0013511	1	1	2
OG0013512	1	1	2
OG0013513	1	1	2
OG0013514	1	1	2
OG0013515	1	1	2
OG0013516	1	1	2
OG0013517	1	1	2
OG0013518	1	1	2
OG0013519	1	1	2
OG0013520	1	1	2
OG0013521	1	1	2
OG0013522	1	1	2
OG0013523	1	1	2
OG0013524	1	1	2
OG0013525	1	1	2
OG0013526	1	1	2
OG0013527	1	1	2
OG0013528	1	1	2
OG0013529	1	1	2
OG0013530	1	1	2
OG0013531	1	1	2
OG0013532	1	1	2
OG0013533	1	1	2
OG0013534	1	1	2
OG0013535	1	1	2
OG0013536	1	1	2
OG0013537	1	1	2
OG0013538	1	1	2
OG0013539	1	1	2
OG0013540	1	1	2
OG0013541	1	1	2
OG0013542	1	1	2
OG0013543	1	1	2
OG0013544	1	1	2
OG0013545	1	1	2
OG0013546	1	1	2
OG0013547	1	1	2
OG0013548	1	1	2
OG0013549	1	1	2
OG0013550	1	1	2
OG0013551	1	1	2
OG0013552	1	1	2
OG0013553	1	1	2
OG0013554	1	1	2
OG0013555	1	1	2
OG0013556	1	1	2
OG0013557	1	1	2
OG0013558	1	1	2
OG0013559	1	1	2
OG0013560	1	1	2
OG0013561	1	1	2
OG0013562	1	1	2
OG0013563	1	1	2
OG0013564	1	1	2
OG0013565	1	1	2
OG0013566	1	1	2
OG0013567	1	1	2
OG0013568	1	1	2
OG0013569	1	1	2
OG0013570	1	1	2
OG0013571	1	1	2
OG0013572	1	1	2
OG0013573	1	1	2
OG0013574	1	1	2
OG0013575	1	1	2
OG0013576	1	1	2
OG0013577	1	1	2
OG0013578	1	1	2
OG0013579	1	1	2
OG0013580	1	1	2
OG0013581	1	1	2
OG0013582	1	1	2
OG0013583	1	1	2
OG0013584	1	1	2
OG0013585	1	1	2
OG0013586	1	1	2
OG0013587	1	1	2
OG0013588	1	1	2
OG0013589	1	1	2
OG0013590	1	1	2
OG0013591	1	1	2
OG0013592	1	1	2
OG0013593	1	1	2
OG0013594	1	1	2
OG0013595	1	1	2
OG0013596	1	1	2
OG0013597	1	1	2
OG0013598	1	1	2
OG0013599	1	1	2
OG0013600	1	1	2
OG0013601	1	1	2
OG0013602	1	1	2
OG0013603	1	1	2
OG0013604	1	1	2
OG0013605	1	1	2
OG0013606	1	1	2
OG0013607	1	1	2
OG0013608	1	1	2
OG0013609	1	1	2
OG0013610	1	1	2
OG0013611	1	1	2
OG0013612	1	1	2
OG0013613	1	1	2
OG0013614	1	1	2
OG0013615	1	1	2
OG0013616	1	1	2
OG0013617	1	1	2
OG0013618	1	1	2
OG0013619	1	1	2
OG0013620	1	1	2
OG0013621	1	1	2
OG0013622	1	1	2
OG0013623	1	1	2
OG0013624	1	1	2
OG0013625	1	1	2
OG0013626	1	1	2
OG0013627	1	1	2
OG0013628	1	1	2
OG0013629	1	1	2
OG0013630	1	1	2
OG0013631	1	1	2
OG0013632	1	1	2
OG0013633	1	1	2
OG0013634	1	1	2
OG0013635	1	1	2
OG0013636	1	1	2
OG0013637	1	1	2
OG0013638	1	1	2
OG0013639	1	1	2
OG0013640	1	1	2
OG0013641	1	1	2
OG0013642	1	1	2
OG0013643	1	1	2
OG0013644	1	1	2
OG0013645	1	1	2
OG0013646	1	1	2
OG0013647	1	1	2
OG0013648	1	1	2
OG0013649	1	1	2
OG0013650	1	1	2
OG0013651	1	1	2
OG0013652	1	1	2
OG0013653	1	1	2
OG0013654	1	1	2
OG0013655	1	1	2
OG0013656	1	1	2
OG0013657	1	1	2
OG0013658	1	1	2
OG0013659	1	1	2
OG0013660	1	1	2
OG0013661	1	1	2
OG0013662	1	1	2
OG0013663	1	1	2
OG0013664	1	1	2
OG0013665	1	1	2
OG0013666	1	1	2
OG0013667	1	1	2
OG0013668	1	1	2
OG0013669	1	1	2
OG0013670	1	1	2
OG0013671	1	1	2
OG0013672	1	1	2
OG0013673	1	1	2
OG0013674	1	1	2
OG0013675	1	1	2
OG0013676	1	1	2
OG0013677	1	1	2
OG0013678	1	1	2
OG0013679	1	1	2
OG0013680	1	1	2
OG0013681	1	1	2
OG0013682	1	1	2
OG0013683	1	1	2
OG0013684	1	1	2
OG0013685	1	1	2
OG0013686	1	1	2
OG0013687	1	1	2
OG0013688	1	1	2
OG0013689	1	1	2
OG0013690	1	1	2
OG0013691	1	1	2
OG0013692	1	1	2
OG0013693	1	1	2
OG0013694	1	1	2
OG0013695	1	1	2
OG0013696	1	1	2
OG0013697	1	1	2
OG0013698	1	1	2
OG0013699	1	1	2
OG0013700	1	1	2
OG0013701	1	1	2
OG0013702	1	1	2
OG0013703	1	1	2
OG0013704	1	1	2
OG0013705	1	1	2
OG0013706	1	1	2
OG0013707	1	1	2
OG0013708	1	1	2
OG0013709	1	1	2
OG0013710	1	1	2
OG0013711	1	1	2
OG0013712	1	1	2
OG0013713	1	1	2
OG0013714	1	1	2
OG0013715	1	1	2
OG0013716	1	1	2
OG0013717	1	1	2
OG0013718	1	1	2
OG0013719	1	1	2
OG0013720	1	1	2
OG0013721	1	1	2
OG0013722	1	1	2
OG0013723	1	1	2
OG0013724	1	1	2
OG0013725	1	1	2
OG0013726	1	1	2
OG0013727	1	1	2
OG0013728	1	1	2
OG0013729	1	1	2
OG0013730	1	1	2
OG0013731	1	1	2
OG0013732	1	1	2
OG0013733	1	1	2
OG0013734	1	1	2
OG0013735	1	1	2
OG0013736	1	1	2
OG0013737	1	1	2
OG0013738	1	1	2
OG0013739	1	1	2
OG0013740	1	1	2
OG0013741	1	1	2
OG0013742	1	1	2
OG0013743	1	1	2
OG0013744	1	1	2
OG0013745	1	1	2
OG0013746	1	1	2
OG0013747	1	1	2
OG0013748	1	1	2
OG0013749	1	1	2
OG0013750	1	1	2
OG0013751	1	1	2
OG0013752	1	1	2
OG0013753	1	1	2
OG0013754	1	1	2
OG0013755	1	1	2
OG0013756	1	1	2
OG0013757	1	1	2
OG0013758	1	1	2
OG0013759	1	1	2
OG0013760	1	1	2
OG0013761	1	1	2
OG0013762	1	1	2
OG0013763	1	1	2
OG0013764	1	1	2
OG0013765	1	1	2
OG0013766	1	1	2
OG0013767	1	1	2
OG0013768	1	1	2
OG0013769	1	1	2
OG0013770	1	1	2
OG0013771	1	1	2
OG0013772	1	1	2
OG0013773	1	1	2
OG0013774	1	1	2
OG0013775	1	1	2
OG0013776	1	1	2
OG0013777	1	1	2
OG0013778	1	1	2
OG0013779	1	1	2
OG0013780	1	1	2
OG0013781	1	1	2
OG0013782	1	1	2
OG0013783	1	1	2
OG0013784	1	1	2
OG0013785	1	1	2
OG0013786	1	1	2
OG0013787	1	1	2
OG0013788	1	1	2
OG0013789	1	1	2
OG0013790	1	1	2
OG0013791	1	1	2
OG0013792	1	1	2
OG0013793	1	1	2
OG0013794	1	1	2
OG0013795	1	1	2
OG0013796	1	1	2
OG0013797	1	1	2
OG0013798	1	1	2
OG0013799	1	1	2
OG0013800	1	1	2
OG0013801	1	1	2
OG0013802	1	1	2
OG0013803	1	1	2
OG0013804	1	1	2
OG0013805	1	1	2
OG0013806	1	1	2
OG0013807	1	1	2
OG0013808	1	1	2
OG0013809	1	1	2
OG0013810	1	1	2
OG0013811	1	1	2
OG0013812	1	1	2
OG0013813	1	1	2
OG0013814	1	1	2
OG0013815	1	1	2
OG0013816	1	1	2
OG0013817	1	1	2
OG0013818	1	1	2
OG0013819	1	1	2
OG0013820	1	1	2
OG0013821	1	1	2
OG0013822	1	1	2
OG0013823	1	1	2
OG0013824	1	1	2
OG0013825	1	1	2
OG0013826	1	1	2
OG0013827	1	1	2
OG0013828	1	1	2
OG0013829	1	1	2
OG0013830	1	1	2
OG0013831	1	1	2
OG0013832	1	1	2
OG0013833	1	1	2
OG0013834	1	1	2
OG0013835	1	1	2
OG0013836	1	1	2
OG0013837	1	1	2
OG0013838	1	1	2
OG0013839	1	1	2
OG0013840	1	1	2
OG0013841	1	1	2
OG0013842	1	1	2
OG0013843	1	1	2
OG0013844	1	1	2
OG0013845	1	1	2
OG0013846	1	1	2
OG0013847	1	1	2
OG0013848	1	1	2
OG0013849	1	1	2
OG0013850	1	1	2
OG0013851	1	1	2
OG0013852	1	1	2
OG0013853	1	1	2
OG0013854	1	1	2
OG0013855	1	1	2
OG0013856	1	1	2
OG0013857	1	1	2
OG0013858	1	1	2
OG0013859	1	1	2
OG0013860	1	1	2
OG0013861	1	1	2
OG0013862	1	1	2
OG0013863	1	1	2
OG0013864	1	1	2
OG0013865	1	1	2
OG0013866	1	1	2
OG0013867	1	1	2
OG0013868	1	1	2
OG0013869	1	1	2
OG0013870	1	1	2
OG0013871	1	1	2
OG0013872	1	1	2
OG0013873	1	1	2
OG0013874	1	1	2
OG0013875	1	1	2
OG0013876	1	1	2
OG0013877	1	1	2
OG0013878	1	1	2
OG0013879	1	1	2
OG0013880	1	1	2
OG0013881	1	1	2
OG0013882	1	1	2
OG0013883	1	1	2
OG0013884	1	1	2
OG0013885	1	1	2
OG0013886	1	1	2
OG0013887	1	1	2
OG0013888	1	1	2
OG0013889	1	1	2
OG0013890	1	1	2
OG0013891	1	1	2
OG0013892	1	1	2
OG0013893	1	1	2
OG0013894	1	1	2
OG0013895	1	1	2
OG0013896	1	1	2
OG0013897	1	1	2
OG0013898	1	1	2
OG0013899	1	1	2
OG0013900	1	1	2
OG0013901	1	1	2
OG0013902	1	1	2
OG0013903	1	1	2
OG0013904	1	1	2
OG0013905	1	1	2
OG0013906	1	1	2
OG0013907	1	1	2
OG0013908	1	1	2
OG0013909	1	1	2
OG0013910	1	1	2
OG0013911	1	1	2
OG0013912	1	1	2
OG0013913	1	1	2
OG0013914	1	1	2
OG0013915	1	1	2
OG0013916	1	1	2
OG0013917	1	1	2
OG0013918	1	1	2
OG0013919	1	1	2
OG0013920	1	1	2
OG0013921	1	1	2
OG0013922	1	1	2
OG0013923	1	1	2
OG0013924	1	1	2
OG0013925	1	1	2
OG0013926	1	1	2
OG0013927	1	1	2
OG0013928	1	1	2
OG0013929	1	1	2
OG0013930	1	1	2
OG0013931	1	1	2
OG0013932	1	1	2
OG0013933	1	1	2
OG0013934	1	1	2
OG0013935	1	1	2
OG0013936	1	1	2
OG0013937	1	1	2
OG0013938	1	1	2
OG0013939	1	1	2
OG0013940	1	1	2
OG0013941	1	1	2
OG0013942	1	1	2
OG0013943	1	1	2
OG0013944	1	1	2
OG0013945	1	1	2
OG0013946	1	1	2
OG0013947	1	1	2
OG0013948	1	1	2
OG0013949	1	1	2
OG0013950	1	1	2
OG0013951	1	1	2
OG0013952	1	1	2
OG0013953	1	1	2
OG0013954	1	1	2
OG0013955	1	1	2
OG0013956	1	1	2
OG0013957	1	1	2
OG0013958	1	1	2
OG0013959	1	1	2
OG0013960	1	1	2
OG0013961	1	1	2
OG0013962	1	1	2
OG0013963	1	1	2
OG0013964	1	1	2
OG0013965	1	1	2
OG0013966	1	1	2
OG0013967	1	1	2
OG0013968	1	1	2
OG0013969	1	1	2
OG0013970	1	1	2
OG0013971	1	1	2
OG0013972	1	1	2
OG0013973	1	1	2
OG0013974	1	1	2
OG0013975	1	1	2
OG0013976	1	1	2
OG0013977	1	1	2
OG0013978	1	1	2
OG0013979	1	1	2
OG0013980	1	1	2
OG0013981	1	1	2
OG0013982	1	1	2
OG0013983	1	1	2
OG0013984	1	1	2
OG0013985	1	1	2
OG0013986	1	1	2
OG0013987	1	1	2
OG0013988	1	1	2
OG0013989	1	1	2
OG0013990	1	1	2
OG0013991	1	1	2
OG0013992	1	1	2
OG0013993	1	1	2
OG0013994	1	1	2
OG0013995	1	1	2
OG0013996	1	1	2
OG0013997	1	1	2
OG0013998	1	1	2
OG0013999	1	1	2
OG0014000	1	1	2
OG0014001	1	1	2
OG0014002	1	1	2
OG0014003	1	1	2
OG0014004	1	1	2
OG0014005	1	1	2
OG0014006	1	1	2
OG0014007	1	1	2
OG0014008	1	1	2
OG0014009	1	1	2
OG0014010	1	1	2
OG0014011	1	1	2
OG0014012	1	1	2
OG0014013	1	1	2
OG0014014	1	1	2
OG0014015	1	1	2
OG0014016	1	1	2
OG0014017	1	1	2
OG0014018	1	1	2
OG0014019	1	1	2
OG0014020	1	1	2
OG0014021	1	1	2
OG0014022	1	1	2
OG0014023	1	1	2
OG0014024	1	1	2
OG0014025	1	1	2
OG0014026	1	1	2
OG0014027	1	1	2
OG0014028	1	1	2
OG0014029	1	1	2
OG0014030	1	1	2
OG0014031	1	1	2
OG0014032	1	1	2
OG0014033	1	1	2
OG0014034	1	1	2
OG0014035	1	1	2
OG0014036	1	1	2
OG0014037	1	1	2
OG0014038	1	1	2
OG0014039	1	1	2
OG0014040	1	1	2
OG0014041	1	1	2
OG0014042	1	1	2
OG0014043	1	1	2
OG0014044	1	1	2
OG0014045	1	1	2
OG0014046	1	1	2
OG0014047	1	1	2
OG0014048	1	1	2
OG0014049	1	1	2
OG0014050	1	1	2
OG0014051	1	1	2
OG0014052	1	1	2
OG0014053	1	1	2
OG0014054	1	1	2
OG0014055	1	1	2
OG0014056	1	1	2
OG0014057	1	1	2
OG0014058	1	1	2
OG0014059	1	1	2
OG0014060	1	1	2
OG0014061	1	1	2
OG0014062	1	1	2
OG0014063	1	1	2
OG0014064	1	1	2
OG0014065	1	1	2
OG0014066	1	1	2
OG0014067	1	1	2
OG0014068	1	1	2
OG0014069	1	1	2
OG0014070	1	1	2
OG0014071	1	1	2
OG0014072	1	1	2
OG0014073	1	1	2
OG0014074	1	1	2
OG0014075	1	1	2
OG0014076	1	1	2
OG0014077	1	1	2
OG0014078	1	1	2
OG0014079	1	1	2
OG0014080	1	1	2
OG0014081	1	1	2
OG0014082	1	1	2
OG0014083	1	1	2
OG0014084	1	1	2
OG0014085	1	1	2
OG0014086	1	1	2
OG0014087	1	1	2
OG0014088	1	1	2
OG0014089	1	1	2
OG0014090	1	1	2
OG0014091	1	1	2
OG0014092	1	1	2
OG0014093	1	1	2
OG0014094	1	1	2
OG0014095	1	1	2
OG0014096	1	1	2
OG0014097	1	1	2
OG0014098	1	1	2
OG0014099	1	1	2
OG0014100	1	1	2
OG0014101	1	1	2
OG0014102	1	1	2
OG0014103	1	1	2
OG0014104	1	1	2
OG0014105	1	1	2
OG0014106	1	1	2
OG0014107	1	1	2
OG0014108	1	1	2
OG0014109	1	1	2
OG0014110	1	1	2
OG0014111	1	1	2
OG0014112	1	1	2
OG0014113	1	1	2
OG0014114	1	1	2
OG0014115	1	1	2
OG0014116	1	1	2
OG0014117	1	1	2
OG0014118	1	1	2
OG0014119	1	1	2
OG0014120	1	1	2
OG0014121	1	1	2
OG0014122	1	1	2
OG0014123	1	1	2
OG0014124	1	1	2
OG0014125	1	1	2
OG0014126	1	1	2
OG0014127	1	1	2
OG0014128	1	1	2
OG0014129	1	1	2
OG0014130	1	1	2
OG0014131	1	1	2
OG0014132	1	1	2
OG0014133	1	1	2
OG0014134	1	1	2
OG0014135	1	1	2
OG0014136	1	1	2
OG0014137	1	1	2
OG0014138	1	1	2
OG0014139	1	1	2
OG0014140	1	1	2
OG0014141	1	1	2
OG0014142	1	1	2
OG0014143	1	1	2
OG0014144	1	1	2
OG0014145	1	1	2
OG0014146	1	1	2
OG0014147	1	1	2
OG0014148	1	1	2
OG0014149	1	1	2
OG0014150	1	1	2
OG0014151	1	1	2
OG0014152	1	1	2
OG0014153	1	1	2
OG0014154	1	1	2
OG0014155	1	1	2
OG0014156	1	1	2
OG0014157	1	1	2
OG0014158	1	1	2
OG0014159	1	1	2
OG0014160	1	1	2
OG0014161	1	1	2
OG0014162	1	1	2
OG0014163	1	1	2
OG0014164	1	1	2
OG0014165	1	1	2
OG0014166	1	1	2
OG0014167	1	1	2
OG0014168	1	1	2
OG0014169	1	1	2
OG0014170	1	1	2
OG0014171	1	1	2
OG0014172	1	1	2
OG0014173	1	1	2
OG0014174	1	1	2
OG0014175	1	1	2
OG0014176	1	1	2
OG0014177	1	1	2
OG0014178	1	1	2
OG0014179	1	1	2
OG0014180	1	1	2
OG0014181	1	1	2
OG0014182	1	1	2
OG0014183	1	1	2
OG0014184	1	1	2
OG0014185	1	1	2
OG0014186	1	1	2
OG0014187	1	1	2
OG0014188	1	1	2
OG0014189	1	1	2
OG0014190	1	1	2
OG0014191	1	1	2
OG0014192	1	1	2
OG0014193	1	1	2
OG0014194	1	1	2
OG0014195	1	1	2
OG0014196	1	1	2
OG0014197	1	1	2
OG0014198	1	1	2
OG0014199	1	1	2
OG0014200	1	1	2
OG0014201	1	1	2
OG0014202	1	1	2
OG0014203	1	1	2
OG0014204	1	1	2
OG0014205	1	1	2
OG0014206	1	1	2
OG0014207	1	1	2
OG0014208	1	1	2
OG0014209	1	1	2
OG0014210	1	1	2
OG0014211	1	1	2
OG0014212	1	1	2
OG0014213	1	1	2
OG0014214	1	1	2
OG0014215	1	1	2
OG0014216	1	1	2
OG0014217	1	1	2
OG0014218	1	1	2
OG0014219	1	1	2
OG0014220	1	1	2
OG0014221	1	1	2
OG0014222	1	1	2
OG0014223	1	1	2
OG0014224	1	1	2
OG0014225	1	1	2
OG0014226	1	1	2
OG0014227	1	1	2
OG0014228	1	1	2
OG0014229	1	1	2
OG0014230	1	1	2
OG0014231	1	1	2
OG0014232	1	1	2
OG0014233	1	1	2
OG0014234	1	1	2
OG0014235	1	1	2
OG0014236	1	1	2
OG0014237	1	1	2
OG0014238	1	1	2
OG0014239	1	1	2
OG0014240	1	1	2
OG0014241	1	1	2
OG0014242	1	1	2
OG0014243	1	1	2
OG0014244	1	1	2
OG0014245	1	1	2
OG0014246	1	1	2
OG0014247	1	1	2
OG0014248	1	1	2
OG0014249	1	1	2
OG0014250	1	1	2
OG0014251	1	1	2
OG0014252	1	1	2
OG0014253	1	1	2
OG0014254	1	1	2
OG0014255	1	1	2
OG0014256	1	1	2
OG0014257	1	1	2
OG0014258	1	1	2
OG0014259	1	1	2
OG0014260	1	1	2
OG0014261	1	1	2
OG0014262	1	1	2
OG0014263	1	1	2
OG0014264	1	1	2
OG0014265	1	1	2
OG0014266	1	1	2
OG0014267	1	1	2
OG0014268	1	1	2
OG0014269	1	1	2
OG0014270	1	1	2
OG0014271	1	1	2
OG0014272	1	1	2
OG0014273	1	1	2
OG0014274	1	1	2
OG0014275	1	1	2
OG0014276	1	1	2
OG0014277	1	1	2
OG0014278	1	1	2
OG0014279	1	1	2
OG0014280	1	1	2
OG0014281	1	1	2
OG0014282	1	1	2
OG0014283	1	1	2
OG0014284	1	1	2
OG0014285	1	1	2
OG0014286	1	1	2
OG0014287	1	1	2
OG0014288	1	1	2
OG0014289	1	1	2
OG0014290	1	1	2
OG0014291	1	1	2
OG0014292	1	1	2
OG0014293	1	1	2
OG0014294	1	1	2
OG0014295	1	1	2
OG0014296	1	1	2
OG0014297	1	1	2
OG0014298	1	1	2
OG0014299	1	1	2
OG0014300	1	1	2
OG0014301	1	1	2
OG0014302	1	1	2
OG0014303	1	1	2
OG0014304	1	1	2
OG0014305	1	1	2
OG0014306	1	1	2
OG0014307	1	1	2
OG0014308	1	1	2
OG0014309	1	1	2
OG0014310	1	1	2
OG0014311	1	1	2
OG0014312	1	1	2
OG0014313	1	1	2
OG0014314	1	1	2
OG0014315	1	1	2
OG0014316	1	1	2
OG0014317	1	1	2
OG0014318	1	1	2
OG0014319	1	1	2
OG0014320	1	1	2
OG0014321	1	1	2
OG0014322	1	1	2
OG0014323	1	1	2
OG0014324	1	1	2
OG0014325	1	1	2
OG0014326	1	1	2
OG0014327	1	1	2
OG0014328	1	1	2
OG0014329	1	1	2
OG0014330	1	1	2
OG0014331	1	1	2
OG0014332	1	1	2
OG0014333	1	1	2
OG0014334	1	1	2
OG0014335	1	1	2
OG0014336	1	1	2
OG0014337	1	1	2
OG0014338	1	1	2
OG0014339	1	1	2
OG0014340	1	1	2
OG0014341	1	1	2
OG0014342	1	1	2
OG0014343	1	1	2
OG0014344	2	0	2
OG0014345	1	1	2
OG0014346	1	1	2
OG0014347	1	1	2
OG0014348	1	1	2
OG0014349	1	1	2
OG0014350	2	0	2
OG0014351	1	1	2
OG0014352	1	1	2
OG0014353	1	1	2
OG0014354	1	1	2
OG0014355	1	1	2
OG0014356	1	1	2
OG0014357	1	1	2
OG0014358	1	1	2
OG0014359	1	1	2
OG0014360	1	1	2
OG0014361	1	1	2
OG0014362	1	1	2
OG0014363	1	1	2
OG0014364	1	1	2
OG0014365	1	1	2
OG0014366	1	1	2
OG0014367	1	1	2
OG0014368	1	1	2
OG0014369	1	1	2
OG0014370	1	1	2
OG0014371	1	1	2
OG0014372	1	1	2
OG0014373	1	1	2
OG0014374	1	1	2
OG0014375	1	1	2
OG0014376	1	1	2
OG0014377	1	1	2
OG0014378	1	1	2
OG0014379	1	1	2
OG0014380	1	1	2
OG0014381	1	1	2
OG0014382	1	1	2
OG0014383	1	1	2
OG0014384	1	1	2
OG0014385	1	1	2
OG0014386	1	1	2
OG0014387	1	1	2
OG0014388	1	1	2
OG0014389	1	1	2
OG0014390	1	1	2
OG0014391	1	1	2
OG0014392	1	1	2
OG0014393	1	1	2
OG0014394	1	1	2
OG0014395	1	1	2
OG0014396	1	1	2
OG0014397	1	1	2
OG0014398	1	1	2
OG0014399	1	1	2
OG0014400	1	1	2
OG0014401	1	1	2
OG0014402	1	1	2
OG0014403	1	1	2
OG0014404	1	1	2
OG0014405	1	1	2
OG0014406	1	1	2
OG0014407	1	1	2
OG0014408	1	1	2
OG0014409	1	1	2
OG0014410	1	1	2
OG0014411	1	1	2
OG0014412	1	1	2
OG0014413	1	1	2
OG0014414	1	1	2
OG0014415	1	1	2
OG0014416	1	1	2
OG0014417	1	1	2
OG0014418	1	1	2
OG0014419	1	1	2
OG0014420	1	1	2
OG0014421	1	1	2
OG0014422	1	1	2
OG0014423	1	1	2
OG0014424	1	1	2
OG0014425	1	1	2
OG0014426	1	1	2
OG0014427	1	1	2
OG0014428	1	1	2
OG0014429	1	1	2
OG0014430	1	1	2
OG0014431	1	1	2
OG0014432	1	1	2
OG0014433	1	1	2
OG0014434	1	1	2
OG0014435	1	1	2
OG0014436	1	1	2
OG0014437	1	1	2
OG0014438	1	1	2
OG0014439	1	1	2
OG0014440	1	1	2
OG0014441	1	1	2
OG0014442	1	1	2
OG0014443	1	1	2
OG0014444	1	1	2
OG0014445	1	1	2
OG0014446	1	1	2
OG0014447	1	1	2
OG0014448	1	1	2
OG0014449	1	1	2
OG0014450	1	1	2
OG0014451	1	1	2
OG0014452	1	1	2
OG0014453	1	1	2
OG0014454	1	1	2
OG0014455	1	1	2
OG0014456	1	1	2
OG0014457	1	1	2
OG0014458	1	1	2
OG0014459	1	1	2
OG0014460	1	1	2
OG0014461	1	1	2
OG0014462	1	1	2
OG0014463	1	1	2
OG0014464	1	1	2
OG0014465	1	1	2
OG0014466	1	1	2
OG0014467	1	1	2
OG0014468	1	1	2
OG0014469	1	1	2
OG0014470	1	1	2
OG0014471	1	1	2
OG0014472	1	1	2
OG0014473	1	1	2
OG0014474	1	1	2
OG0014475	1	1	2
OG0014476	1	1	2
OG0014477	1	1	2
OG0014478	1	1	2
OG0014479	1	1	2
OG0014480	1	1	2
OG0014481	1	1	2
OG0014482	1	1	2
OG0014483	1	1	2
OG0014484	1	1	2
OG0014485	1	1	2
OG0014486	1	1	2
OG0014487	1	1	2
OG0014488	1	1	2
OG0014489	1	1	2
OG0014490	1	1	2
OG0014491	1	1	2
OG0014492	1	1	2
OG0014493	1	1	2
OG0014494	1	1	2
OG0014495	1	1	2
OG0014496	1	1	2
OG0014497	1	1	2
OG0014498	1	1	2
OG0014499	1	1	2
OG0014500	1	1	2
OG0014501	1	1	2
OG0014502	1	1	2
OG0014503	1	1	2
OG0014504	1	1	2
OG0014505	1	1	2
OG0014506	1	1	2
OG0014507	1	1	2
OG0014508	1	1	2
OG0014509	1	1	2
OG0014510	1	1	2
OG0014511	1	1	2
OG0014512	1	1	2
OG0014513	1	1	2
OG0014514	1	1	2
OG0014515	1	1	2
OG0014516	1	1	2
OG0014517	1	1	2
OG0014518	1	1	2
OG0014519	1	1	2
OG0014520	1	1	2
OG0014521	1	1	2
OG0014522	1	1	2
OG0014523	1	1	2
OG0014524	1	1	2
OG0014525	1	1	2
OG0014526	1	1	2
OG0014527	1	1	2
OG0014528	1	1	2
OG0014529	1	1	2
OG0014530	1	1	2
OG0014531	1	1	2
OG0014532	1	1	2
OG0014533	1	1	2
OG0014534	1	1	2
OG0014535	1	1	2
OG0014536	1	1	2
OG0014537	1	1	2
OG0014538	1	1	2
OG0014539	1	1	2
OG0014540	1	1	2
OG0014541	1	1	2
OG0014542	1	1	2
OG0014543	1	1	2
OG0014544	1	1	2
OG0014545	1	1	2
OG0014546	1	1	2
OG0014547	1	1	2
OG0014548	1	1	2
OG0014549	1	1	2
OG0014550	1	1	2
OG0014551	1	1	2
OG0014552	1	1	2
OG0014553	1	1	2
OG0014554	1	1	2
OG0014555	1	1	2
OG0014556	1	1	2
OG0014557	1	1	2
OG0014558	1	1	2
OG0014559	1	1	2
OG0014560	1	1	2
OG0014561	1	1	2
OG0014562	1	1	2
OG0014563	1	1	2
OG0014564	1	1	2
OG0014565	1	1	2
OG0014566	1	1	2
OG0014567	1	1	2
OG0014568	1	1	2
OG0014569	1	1	2
OG0014570	1	1	2
OG0014571	1	1	2
OG0014572	1	1	2
OG0014573	1	1	2
OG0014574	1	1	2
OG0014575	1	1	2
OG0014576	1	1	2
OG0014577	1	1	2
OG0014578	1	1	2
OG0014579	1	1	2
OG0014580	1	1	2
OG0014581	1	1	2
OG0014582	1	1	2
OG0014583	1	1	2
OG0014584	1	1	2
OG0014585	1	1	2
OG0014586	1	1	2
OG0014587	1	1	2
OG0014588	1	1	2
OG0014589	1	1	2
OG0014590	1	1	2
OG0014591	1	1	2
OG0014592	1	1	2
OG0014593	1	1	2
OG0014594	1	1	2
OG0014595	1	1	2
OG0014596	1	1	2
OG0014597	1	1	2
OG0014598	1	1	2
OG0014599	1	1	2
OG0014600	1	1	2
OG0014601	1	1	2
OG0014602	1	1	2
OG0014603	1	1	2
OG0014604	1	1	2
OG0014605	1	1	2
OG0014606	1	1	2
OG0014607	1	1	2
OG0014608	1	1	2
OG0014609	1	1	2
OG0014610	1	1	2
OG0014611	1	1	2
OG0014612	1	1	2
OG0014613	1	1	2
OG0014614	1	1	2
OG0014615	1	1	2
OG0014616	1	1	2
OG0014617	1	1	2
OG0014618	1	1	2
OG0014619	1	1	2
OG0014620	1	1	2
OG0014621	1	1	2
OG0014622	1	1	2
OG0014623	1	1	2
OG0014624	1	1	2
OG0014625	1	1	2
OG0014626	1	1	2
OG0014627	1	1	2
OG0014628	1	1	2
OG0014629	1	1	2
OG0014630	1	1	2
OG0014631	1	1	2
OG0014632	1	1	2
OG0014633	1	1	2
OG0014634	1	1	2
OG0014635	1	1	2
OG0014636	1	1	2
OG0014637	1	1	2
OG0014638	1	1	2
OG0014639	1	1	2
OG0014640	1	1	2
OG0014641	1	1	2
OG0014642	1	1	2
OG0014643	1	1	2
OG0014644	1	1	2
OG0014645	1	1	2
OG0014646	1	1	2
OG0014647	1	1	2
OG0014648	1	1	2
OG0014649	1	1	2
OG0014650	1	1	2
OG0014651	1	1	2
OG0014652	1	1	2
OG0014653	1	1	2
OG0014654	1	1	2
OG0014655	1	1	2
OG0014656	1	1	2
OG0014657	1	1	2
OG0014658	1	1	2
OG0014659	1	1	2
OG0014660	1	1	2
OG0014661	1	1	2
OG0014662	1	1	2
OG0014663	1	1	2
OG0014664	1	1	2
OG0014665	1	1	2
OG0014666	1	1	2
OG0014667	1	1	2
OG0014668	1	1	2
OG0014669	1	1	2
OG0014670	1	1	2
OG0014671	1	1	2
OG0014672	1	1	2
OG0014673	1	1	2
OG0014674	1	1	2
OG0014675	1	1	2
OG0014676	1	1	2
OG0014677	1	1	2
OG0014678	1	1	2
OG0014679	1	1	2
OG0014680	1	1	2
OG0014681	1	1	2
OG0014682	1	1	2
OG0014683	1	1	2
OG0014684	1	1	2
OG0014685	1	1	2
OG0014686	1	1	2
OG0014687	1	1	2
OG0014688	1	1	2
OG0014689	1	1	2
OG0014690	1	1	2
OG0014691	1	1	2
OG0014692	1	1	2
OG0014693	1	1	2
OG0014694	1	1	2
OG0014695	1	1	2
OG0014696	1	1	2
OG0014697	1	1	2
OG0014698	1	1	2
OG0014699	1	1	2
OG0014700	1	1	2
OG0014701	1	1	2
OG0014702	1	1	2
OG0014703	1	1	2
OG0014704	1	1	2
OG0014705	1	1	2
OG0014706	1	1	2
OG0014707	1	1	2
OG0014708	1	1	2
OG0014709	1	1	2
OG0014710	1	1	2
OG0014711	1	1	2
OG0014712	1	1	2
OG0014713	1	1	2
OG0014714	1	1	2
OG0014715	1	1	2
OG0014716	1	1	2
OG0014717	1	1	2
OG0014718	1	1	2
OG0014719	1	1	2
OG0014720	1	1	2
OG0014721	1	1	2
OG0014722	1	1	2
OG0014723	1	1	2
OG0014724	1	1	2
OG0014725	1	1	2
OG0014726	1	1	2
OG0014727	1	1	2
OG0014728	1	1	2
OG0014729	1	1	2
OG0014730	1	1	2
OG0014731	1	1	2
OG0014732	1	1	2
OG0014733	1	1	2
OG0014734	1	1	2
OG0014735	1	1	2
OG0014736	1	1	2
OG0014737	1	1	2
OG0014738	1	1	2
OG0014739	1	1	2
OG0014740	1	1	2
OG0014741	1	1	2
OG0014742	1	1	2
OG0014743	1	1	2
OG0014744	1	1	2
OG0014745	1	1	2
OG0014746	1	1	2
OG0014747	1	1	2
OG0014748	1	1	2
OG0014749	1	1	2
OG0014750	1	1	2
OG0014751	1	1	2
OG0014752	1	1	2
OG0014753	1	1	2
OG0014754	1	1	2
OG0014755	1	1	2
OG0014756	1	1	2
OG0014757	1	1	2
OG0014758	1	1	2
OG0014759	1	1	2
OG0014760	1	1	2
OG0014761	1	1	2
OG0014762	1	1	2
OG0014763	1	1	2
OG0014764	1	1	2
OG0014765	1	1	2
OG0014766	1	1	2
OG0014767	1	1	2
OG0014768	1	1	2
OG0014769	1	1	2
OG0014770	1	1	2
OG0014771	1	1	2
OG0014772	1	1	2
OG0014773	1	1	2
OG0014774	1	1	2
OG0014775	1	1	2
OG0014776	1	1	2
OG0014777	1	1	2
OG0014778	1	1	2
OG0014779	1	1	2
OG0014780	1	1	2
OG0014781	1	1	2
OG0014782	1	1	2
OG0014783	1	1	2
OG0014784	1	1	2
OG0014785	1	1	2
OG0014786	1	1	2
OG0014787	1	1	2
OG0014788	1	1	2
OG0014789	1	1	2
OG0014790	1	1	2
OG0014791	1	1	2
OG0014792	1	1	2
OG0014793	1	1	2
OG0014794	1	1	2
OG0014795	1	1	2
OG0014796	1	1	2
OG0014797	1	1	2
OG0014798	1	1	2
OG0014799	1	1	2
OG0014800	1	1	2
OG0014801	1	1	2
OG0014802	1	1	2
OG0014803	1	1	2
OG0014804	1	1	2
OG0014805	1	1	2
OG0014806	1	1	2
OG0014807	1	1	2
OG0014808	1	1	2
OG0014809	1	1	2
OG0014810	1	1	2
OG0014811	1	1	2
OG0014812	1	1	2
OG0014813	1	1	2
OG0014814	1	1	2
OG0014815	1	1	2
OG0014816	1	1	2
OG0014817	1	1	2
OG0014818	1	1	2
OG0014819	1	1	2
OG0014820	1	1	2
OG0014821	1	1	2
OG0014822	1	1	2
OG0014823	1	1	2
OG0014824	1	1	2
OG0014825	1	1	2
OG0014826	1	1	2
OG0014827	1	1	2
OG0014828	1	1	2
OG0014829	1	1	2
OG0014830	1	1	2
OG0014831	1	1	2
OG0014832	1	1	2
OG0014833	1	1	2
OG0014834	1	1	2
OG0014835	1	1	2
OG0014836	1	1	2
OG0014837	1	1	2
OG0014838	1	1	2
OG0014839	1	1	2
OG0014840	1	1	2
OG0014841	1	1	2
OG0014842	1	1	2
OG0014843	1	1	2
OG0014844	1	1	2
OG0014845	1	1	2
OG0014846	1	1	2
OG0014847	1	1	2
OG0014848	1	1	2
OG0014849	1	1	2
OG0014850	1	1	2
OG0014851	1	1	2
OG0014852	1	1	2
OG0014853	1	1	2
OG0014854	1	1	2
OG0014855	1	1	2
OG0014856	1	1	2
OG0014857	1	1	2
OG0014858	1	1	2
OG0014859	1	1	2
OG0014860	1	1	2
OG0014861	1	1	2
OG0014862	1	1	2
OG0014863	1	1	2
OG0014864	1	1	2
OG0014865	1	1	2
OG0014866	1	1	2
OG0014867	1	1	2
OG0014868	1	1	2
OG0014869	1	1	2
OG0014870	1	1	2
OG0014871	1	1	2
OG0014872	1	1	2
OG0014873	1	1	2
OG0014874	1	1	2
OG0014875	1	1	2
OG0014876	1	1	2
OG0014877	1	1	2
OG0014878	1	1	2
OG0014879	1	1	2
OG0014880	1	1	2
OG0014881	1	1	2
OG0014882	1	1	2
OG0014883	1	1	2
OG0014884	1	1	2
OG0014885	1	1	2
OG0014886	1	1	2
OG0014887	1	1	2
OG0014888	1	1	2
OG0014889	1	1	2
OG0014890	1	1	2
OG0014891	1	1	2
OG0014892	1	1	2
OG0014893	1	1	2
OG0014894	1	1	2
OG0014895	1	1	2
OG0014896	1	1	2
OG0014897	1	1	2
OG0014898	1	1	2
OG0014899	1	1	2
OG0014900	1	1	2
OG0014901	1	1	2
OG0014902	1	1	2
OG0014903	1	1	2
OG0014904	1	1	2
OG0014905	1	1	2
OG0014906	1	1	2
OG0014907	1	1	2
OG0014908	1	1	2
OG0014909	1	1	2
OG0014910	1	1	2
OG0014911	1	1	2
OG0014912	1	1	2
OG0014913	1	1	2
OG0014914	1	1	2
OG0014915	1	1	2
OG0014916	1	1	2
OG0014917	1	1	2
OG0014918	1	1	2
OG0014919	1	1	2
OG0014920	1	1	2
OG0014921	1	1	2
OG0014922	1	1	2
OG0014923	1	1	2
OG0014924	1	1	2
OG0014925	1	1	2
OG0014926	1	1	2
OG0014927	1	1	2
OG0014928	1	1	2
OG0014929	1	1	2
OG0014930	1	1	2
OG0014931	1	1	2
OG0014932	1	1	2
OG0014933	1	1	2
OG0014934	1	1	2
OG0014935	1	1	2
OG0014936	1	1	2
OG0014937	1	1	2
OG0014938	1	1	2
OG0014939	1	1	2
OG0014940	1	1	2
OG0014941	1	1	2
OG0014942	1	1	2
OG0014943	1	1	2
OG0014944	1	1	2
OG0014945	1	1	2
OG0014946	1	1	2
OG0014947	1	1	2
OG0014948	1	1	2
OG0014949	1	1	2
OG0014950	1	1	2
OG0014951	1	1	2
OG0014952	1	1	2
OG0014953	1	1	2
OG0014954	1	1	2
OG0014955	1	1	2
OG0014956	1	1	2
OG0014957	1	1	2
OG0014958	1	1	2
OG0014959	1	1	2
OG0014960	1	1	2
OG0014961	1	1	2
OG0014962	1	1	2
OG0014963	1	1	2
OG0014964	1	1	2
OG0014965	1	1	2
OG0014966	1	1	2
OG0014967	1	1	2
OG0014968	1	1	2
OG0014969	1	1	2
OG0014970	1	1	2
OG0014971	1	1	2
OG0014972	1	1	2
OG0014973	1	1	2
OG0014974	1	1	2
OG0014975	1	1	2
OG0014976	1	1	2
OG0014977	1	1	2
OG0014978	1	1	2
OG0014979	1	1	2
OG0014980	1	1	2
OG0014981	1	1	2
OG0014982	1	1	2
OG0014983	1	1	2
OG0014984	1	1	2
OG0014985	1	1	2
OG0014986	1	1	2
OG0014987	1	1	2
OG0014988	1	1	2
OG0014989	1	1	2
OG0014990	1	1	2
OG0014991	1	1	2
OG0014992	1	1	2
OG0014993	1	1	2
OG0014994	1	1	2
OG0014995	1	1	2
OG0014996	1	1	2
OG0014997	1	1	2
OG0014998	1	1	2
OG0014999	1	1	2
OG0015000	1	1	2
OG0015001	1	1	2
OG0015002	1	1	2
OG0015003	1	1	2
OG0015004	1	1	2
OG0015005	1	1	2
OG0015006	1	1	2
OG0015007	1	1	2
OG0015008	1	1	2
OG0015009	1	1	2
OG0015010	1	1	2
OG0015011	1	1	2
OG0015012	1	1	2
OG0015013	1	1	2
OG0015014	1	1	2
OG0015015	1	1	2
OG0015016	1	1	2
OG0015017	1	1	2
OG0015018	1	1	2
OG0015019	1	1	2
OG0015020	1	1	2
OG0015021	1	1	2
OG0015022	1	1	2
OG0015023	1	1	2
OG0015024	1	1	2
OG0015025	1	1	2
OG0015026	1	1	2
OG0015027	1	1	2
OG0015028	1	1	2
OG0015029	1	1	2
OG0015030	1	1	2
OG0015031	1	1	2
OG0015032	1	1	2
OG0015033	1	1	2
OG0015034	1	1	2
OG0015035	1	1	2
OG0015036	1	1	2
OG0015037	1	1	2
OG0015038	1	1	2
OG0015039	1	1	2
OG0015040	1	1	2
OG0015041	1	1	2
OG0015042	1	1	2
OG0015043	1	1	2
OG0015044	1	1	2
OG0015045	1	1	2
OG0015046	1	1	2
OG0015047	1	1	2
OG0015048	1	1	2
OG0015049	1	1	2
OG0015050	1	1	2
OG0015051	1	1	2
OG0015052	1	1	2
OG0015053	1	1	2
OG0015054	1	1	2
OG0015055	1	1	2
OG0015056	1	1	2
OG0015057	1	1	2
OG0015058	1	1	2
OG0015059	1	1	2
OG0015060	1	1	2
OG0015061	1	1	2
OG0015062	1	1	2
OG0015063	1	1	2
OG0015064	1	1	2
OG0015065	1	1	2
OG0015066	1	1	2
OG0015067	1	1	2
OG0015068	1	1	2
OG0015069	1	1	2
OG0015070	1	1	2
OG0015071	1	1	2
OG0015072	1	1	2
OG0015073	1	1	2
OG0015074	1	1	2
OG0015075	1	1	2
OG0015076	1	1	2
OG0015077	1	1	2
OG0015078	1	1	2
OG0015079	1	1	2
OG0015080	1	1	2
OG0015081	1	1	2
OG0015082	1	1	2
OG0015083	1	1	2
OG0015084	1	1	2
OG0015085	1	1	2
OG0015086	1	1	2
OG0015087	1	1	2
OG0015088	1	1	2
OG0015089	1	1	2
OG0015090	1	1	2
OG0015091	1	1	2
OG0015092	1	1	2
OG0015093	1	1	2
OG0015094	1	1	2
OG0015095	1	1	2
OG0015096	1	1	2
OG0015097	1	1	2
OG0015098	1	1	2
OG0015099	1	1	2
OG0015100	1	1	2
OG0015101	1	1	2
OG0015102	0	2	2
OG0015103	0	2	2
OG0015104	0	2	2
OG0015105	0	2	2
OG0015106	0	2	2
OG0015107	0	2	2
OG0015108	0	2	2
OG0015109	0	2	2
OG0015110	0	2	2
OG0015111	0	2	2
OG0015112	0	2	2
OG0015113	0	2	2
OG0015114	0	2	2
OG0015115	0	2	2
OG0015116	0	2	2
OG0015117	0	2	2
OG0015118	0	2	2
OG0015119	0	2	2
OG0015120	0	2	2
OG0015121	0	2	2
OG0015122	0	2	2
OG0015123	0	2	2
OG0015124	0	2	2
OG0015125	0	2	2
OG0015126	0	2	2
OG0015127	0	2	2
OG0015128	0	2	2
